org_id remap_id
3896198 0
1219827 1
4116284 2
2250912 3
4630562 4
5462602 5
5592248 6
1856101 7
3774114 8
5580036 9
5027774 10
3783958 11
4575576 12
1211837 13
4695012 14
3183660 15
4846340 16
3450958 17
5439796 18
4555426 19
4925292 20
1935859 21
2582782 22
3521164 23
5095030 24
6294822 25
5140878 26
4550098 27
1365519 28
4154796 29
0325980 30
1727824 31
1285016 32
0112864 33
0069865 34
4062536 35
1288558 36
0048728 37
1385826 38
0162222 39
7349950 40
4154756 41
0337978 42
0317705 43
4779682 44
2120120 45
3501632 46
1677720 47
0167261 48
0241527 49
0399201 50
4881806 51
0304141 52
4912910 53
1477834 54
5657846 55
4123430 56
0114709 57
0369610 58
3861390 59
0120737 60
3890160 61
1825683 62
5719748 63
0314331 64
0830515 65
6966692 66
1074638 67
2379713 68
1590193 69
2170439 70
4218572 71
1959563 72
0056923 73
8946378 74
1343092 75
1371111 76
0978762 77
1022603 78
1649419 79
2084970 80
1392170 81
0338751 82
1637688 83
0947798 84
0780504 85
0498380 86
0405094 87
1675434 88
0108052 89
0050825 90
0436697 91
1345836 92
0497465 93
0387131 94
0090605 95
0099685 96
0467406 97
0477348 98
0405159 99
0120586 100
0317248 101
0338013 102
0073486 103
0118799 104
0120689 105
0071562 106
0449059 107
0469494 108
0482571 109
0366548 110
1853728 111
0032553 112
0172495 113
2582802 114
0167260 115
0312004 116
0465538 117
0133093 118
1010048 119
0110912 120
0078788 121
0047396 122
0051201 123
0364569 124
0110357 125
0407887 126
0054215 127
0976051 128
0114814 129
0064116 130
0145487 131
0185937 132
0081505 133
1591095 134
5177088 135
2316204 136
0113277 137
4425200 138
0309698 139
0413300 140
1386697 141
1132620 142
3348730 143
0242653 144
3281548 145
0387564 146
0084787 147
0489270 148
0234215 149
1179904 150
1220198 151
2911666 152
4777008 153
8579674 154
0457939 155
7975244 156
3731562 157
0454841 158
0038650 159
0134084 160
3460252 161
2283362 162
0090728 163
0085334 164
0052618 165
2322441 166
0092099 167
1396484 168
0120694 169
0988595 170
0107290 171
1485796 172
1981115 173
4649466 174
0116996 175
0077651 176
1772341 177
1024648 178
0198781 179
0945513 180
1606378 181
0351283 182
1650554 183
0268380 184
1210819 185
0079945 186
0338526 187
0371746 188
0796366 189
0093409 190
1213663 191
1453405 192
0816711 193
1045658 194
0903624 195
1663662 196
1019452 197
1430132 198
0438097 199
0770828 200
1300854 201
1408101 202
0454876 203
0955308 204
1905041 205
1690953 206
0337921 207
1535108 208
1091191 209
1250777 210
0365748 211
0056869 212
1093357 213
1956620 214
0048424 215
1190080 216
0139134 217
0319262 218
0831387 219
3152624 220
0993846 221
1355644 222
3748528 223
1921064 224
2361509 225
4046784 226
1800241 227
1840309 228
4196776 229
3110958 230
3682448 231
1340138 232
2245084 233
2713180 234
1596363 235
2109248 236
1872194 237
3498820 238
3799694 239
2883512 240
2660888 241
2203939 242
2080374 243
1355683 244
2975590 245
1877832 246
1723121 247
0363547 248
1490017 249
0970416 250
3385516 251
1535109 252
2334873 253
1253863 254
1588173 255
0118715 256
2101441 257
0363771 258
1524930 259
1411250 260
1234721 261
0800320 262
0983193 263
0253474 264
0117951 265
0758758 266
0102926 267
1343727 268
0058150 269
0080678 270
0091763 271
0180093 272
0072684 273
1109624 274
2321549 275
0374900 276
0887912 277
0049223 278
2395427 279
0175880 280
0095016 281
1601913 282
1020072 283
0816692 284
0114746 285
1111422 286
0327554 287
0416320 288
1119646 289
0408306 290
0391198 291
0299977 292
0298148 293
0368891 294
0126029 295
0356680 296
0469641 297
0390521 298
2347569 299
1758830 300
1748122 301
1210166 302
1570728 303
0975645 304
1033575 305
1655420 306
0382932 307
0435761 308
0478311 309
0892782 310
1049413 311
0425061 312
0479143 313
1216475 314
1504320 315
0367882 316
7014006 317
0848228 318
7137380 319
1130884 320
8364368 321
6189022 322
2274648 323
7653254 324
1457767 325
2481498 326
3741700 327
5774060 328
0217869 329
5109784 330
8155288 331
6850820 332
1298650 333
1170358 334
0381849 335
5362988 336
5013056 337
0068646 338
0800308 339
0097958 340
2802144 341
0057076 342
0408236 343
0365907 344
0032910 345
0121164 346
4877122 347
2170593 348
0059800 349
0373889 350
0120347 351
3402236 352
0144084 353
0120338 354
0319343 355
0217505 356
0470752 357
0052357 358
0066434 359
0033870 360
0097493 361
0379725 362
0047478 363
3464902 364
2015381 365
0040725 366
0427944 367
0066921 368
1817273 369
3416742 370
0898367 371
0083658 372
0050766 373
1742334 374
0077416 375
0091064 376
0056172 377
1320253 378
0080749 379
0105323 380
0093870 381
0034583 382
0083866 383
0177789 384
0295297 385
1055369 386
0093010 387
0372183 388
0425112 389
0060827 390
1392190 391
0361748 392
4003440 393
5649144 394
0095327 395
5776858 396
0012349 397
0076786 398
0024216 399
0405422 400
0105695 401
0360717 402
4846232 403
7784604 404
0079944 405
0138704 406
0064115 407
0162661 408
1637725 409
0340855 410
0105112 411
4263482 412
1823672 413
0119822 414
0432283 415
0910936 416
0473075 417
0246578 418
0452637 419
1000774 420
1013753 421
0455407 422
0464154 423
1605783 424
1334260 425
1403865 426
0031381 427
0142688 428
5478478 429
0061722 430
1790809 431
0409182 432
0099810 433
0360486 434
0139654 435
0112573 436
0056085 437
0887883 438
0073195 439
0120201 440
0472043 441
0369339 442
0112641 443
0286106 444
0087469 445
0086250 446
0305224 447
0446029 448
0211443 449
0089907 450
0112462 451
0086393 452
7040874 453
0265349 454
0320661 455
1840417 456
1560220 457
4971344 458
1034415 459
0092991 460
8544498 461
1028528 462
0327056 463
3235888 464
0119099 465
4034228 466
1285009 467
0083907 468
0043274 469
0062622 470
0096754 471
0209958 472
0078748 473
0080339 474
0362227 475
0169547 476
0042192 477
0163651 478
0094625 479
0120591 480
0096895 481
1007029 482
0091042 483
4686844 484
0088247 485
1392214 486
1798684 487
9243946 488
0119008 489
5083738 490
8404614 491
0116282 492
0080684 493
0335266 494
7549996 495
0372588 496
0094226 497
0096283 498
0093058 499
0046912 500
2267998 501
0457430 502
0208092 503
0892769 504
2119532 505
0434409 506
0081398 507
0266543 508
3170832 509
4729430 510
0119488 511
0017136 512
1206885 513
2404435 514
6565702 515
3606756 516
2239822 517
4530422 518
0206634 519
0361862 520
5726616 521
0257044 522
0380510 523
0212720 524
0414993 525
0120667 526
2798920 527
0974015 528
3713166 529
2674426 530
0985694 531
0120630 532
0800369 533
0448157 534
2543164 535
1583421 536
0120623 537
0409459 538
2042568 539
0432348 540
7752126 541
2184339 542
0086034 543
0071315 544
5727208 545
0078346 546
3393786 547
1136608 548
1259521 549
5848272 550
1389072 551
0230600 552
1375666 553
6450804 554
3606752 555
7984766 556
0238380 557
0103064 558
0087363 559
0087538 560
0367594 561
0318627 562
0257076 563
0330373 564
0109830 565
0151804 566
0146838 567
0075860 568
0327597 569
0376994 570
0167404 571
0275847 572
6105098 573
0397892 574
0082971 575
0070608 576
0158983 577
1431045 578
0070047 579
0400717 580
2293640 581
0096438 582
0175142 583
0082495 584
0185183 585
0372784 586
0058331 587
0099088 588
0800080 589
0097576 590
0101414 591
1228705 592
0029583 593
0053285 594
0032138 595
1241317 596
0060196 597
0348150 598
0417148 599
0472062 600
0221027 601
0183649 602
0287978 603
0070328 604
0356910 605
0110413 606
0449467 607
0358273 608
5442430 609
0070334 610
1139328 611
0036775 612
0063522 613
4052882 614
0063350 615
0070723 616
0075148 617
0463854 618
0103874 619
0116367 620
0051554 621
0758730 622
0243155 623
0062512 624
0116629 625
0064757 626
0088323 627
0109686 628
0259446 629
0107048 630
2334879 631
0359950 632
1289401 633
1065073 634
1127180 635
2106361 636
0071853 637
1646971 638
1617661 639
2310332 640
3532216 641
0790636 642
1528100 643
2692250 644
1502712 645
2179136 646
6394270 647
1742044 648
7146812 649
2103281 650
2294449 651
1139797 652
2494362 653
0033467 654
0084516 655
0108399 656
0144117 657
0120815 658
2820852 659
0475276 660
0443543 661
0397535 662
1193138 663
2359024 664
1659337 665
0416449 666
0120903 667
1469304 668
0438488 669
0118688 670
0417741 671
0844471 672
0163025 673
1706620 674
1206543 675
2024544 676
0082398 677
0993842 678
0086006 679
1951264 680
1980209 681
0181689 682
0375063 683
0780571 684
0878804 685
0382625 686
1454029 687
0311429 688
0452623 689
2763304 690
2053463 691
6266538 692
0870111 693
1302006 694
1060277 695
0458525 696
0824747 697
0418279 698
0317919 699
0448011 700
0441773 701
0421715 702
0462499 703
0120804 704
0462538 705
0942385 706
1428538 707
0120616 708
0407265 709
0087800 710
1179933 711
0058329 712
0166924 713
0104257 714
0401792 715
0087843 716
5580390 717
2278388 718
0025316 719
5463162 720
0365737 721
2554274 722
1276104 723
0889583 724
1596343 725
0258463 726
0068833 727
0357413 728
0082340 729
0099423 730
0385004 731
2387433 732
0324216 733
0120663 734
1634106 735
1846589 736
0443706 737
1571234 738
0371257 739
2866360 740
0087182 741
0443680 742
0440963 743
0765443 744
1270798 745
1424381 746
0053125 747
0120363 748
0959337 749
0319061 750
1155056 751
0111257 752
0050083 753
0059742 754
0118929 755
0970179 756
0790724 757
1907668 758
1764234 759
2302755 760
0066995 761
0143145 762
0090264 763
0093428 764
0437086 765
0183523 766
1592525 767
1121096 768
0461770 769
0045152 770
0347149 771
0088763 772
0107688 773
0286716 774
0103776 775
0463985 776
2277860 777
1843866 778
1013752 779
0317219 780
1080016 781
0486576 782
0371606 783
0110475 784
0013442 785
0213149 786
0293508 787
0083944 788
0385752 789
1058017 790
0212985 791
3397884 792
3659388 793
1911658 794
1100089 795
1951265 796
2719848 797
1638355 798
2872718 799
2126355 800
0428803 801
0765429 802
1242460 803
0478304 804
0497116 805
0333766 806
0780536 807
0381061 808
0211915 809
0117060 810
0120082 811
0948470 812
0368447 813
0120755 814
0099785 815
1194173 816
1663202 817
0055928 818
0120681 819
0072271 820
1318514 821
0435625 822
0049366 823
1399683 824
1411697 825
0021814 826
1598778 827
0044706 828
0070379 829
1219289 830
6146586 831
1502397 832
1615160 833
8695030 834
0203009 835
0110632 836
0343818 837
0259711 838
0355295 839
0120382 840
0119116 841
0100802 842
0396269 843
0133152 844
0299658 845
8350360 846
0085636 847
0113189 848
0373883 849
1262416 850
0079574 851
0119567 852
5814060 853
1037705 854
1046173 855
0049730 856
0069947 857
0063442 858
0047296 859
0054331 860
1013743 861
1727388 862
0944835 863
1650062 864
1707386 865
1120985 866
1853739 867
0082418 868
0384537 869
0298130 870
0080761 871
3099498 872
0099487 873
0486655 874
0118884 875
4034354 876
2948356 877
3691740 878
5294550 879
1628841 880
4731136 881
0325710 882
8368406 883
0335345 884
0107007 885
2935510 886
0075005 887
0134847 888
0118583 889
0069113 890
5715874 891
0387898 892
2345759 893
6359956 894
2873282 895
4158096 896
5308322 897
4209788 898
4520988 899
3829266 900
1981128 901
0471042 902
0061418 903
1399103 904
1549572 905
1409024 906
0054047 907
0404032 908
1217209 909
1645170 910
0066999 911
0257106 912
2023587 913
0097474 914
3065204 915
0072431 916
0458352 917
0479884 918
0450278 919
0389722 920
0346491 921
1441395 922
0395584 923
1764651 924
0240772 925
7349662 926
0048280 927
0119094 928
1791528 929
0055614 930
6412452 931
0099348 932
0496806 933
0039192 934
0458339 935
0032455 936
2709692 937
2404463 938
0097742 939
7008872 940
3521126 941
3104988 942
0443453 943
0102057 944
1034331 945
0758774 946
0462322 947
0265086 948
0119643 949
0387808 950
0445922 951
1144884 952
7984734 953
4154664 954
8106534 955
1972591 956
0985699 957
1125849 958
0949731 959
0808151 960
1034032 961
1001508 962
0134119 963
0095765 964
0460740 965
0054698 966
1491044 967
1059786 968
0473705 969
5742374 970
0070735 971
0383574 972
0097165 973
1038988 974
1156398 975
1568346 976
1152836 977
0268978 978
0379786 979
1731141 980
1611224 981
1790864 982
1397280 983
0164052 984
0370263 985
0432291 986
0329101 987
0077402 988
0022100 989
0032904 990
0052311 991
0044079 992
0408790 993
4975722 994
1735898 995
1623205 996
0427327 997
0113497 998
1124035 999
0119217 1000
0074119 1001
0053604 1002
0109707 1003
3778644 1004
1706593 1005
2837574 1006
2582846 1007
0108358 1008
0212338 1009
0072251 1010
1862079 1011
1225822 1012
0838221 1013
1205489 1014
0419706 1015
0080516 1016
0096874 1017
0401729 1018
0065421 1019
0499448 1020
1872181 1021
5033998 1022
1228987 1023
0161081 1024
1245492 1025
0100157 1026
2140373 1027
0332452 1028
0289879 1029
0311113 1030
0118771 1031
0117998 1032
1815862 1033
2294629 1034
1631867 1035
1172991 1036
0117381 1037
0814314 1038
0077631 1039
5700672 1040
2199571 1041
2397535 1042
0106856 1043
1314655 1044
1899353 1045
0758746 1046
0811080 1047
0960144 1048
1327773 1049
0450259 1050
1440129 1051
0280707 1052
0043456 1053
0057129 1054
0196229 1055
0397101 1056
0449088 1057
0087332 1058
1602613 1059
7401588 1060
0181875 1061
0094721 1062
0033563 1063
2709768 1064
0480255 1065
0061852 1066
0122690 1067
0232500 1068
0032976 1069
0075686 1070
0454848 1071
0455857 1072
0397065 1073
0476964 1074
0414982 1075
0431197 1076
8663516 1077
1001526 1078
0308644 1079
0092005 1080
0024184 1081
1615147 1082
0056592 1083
1025100 1084
1187043 1085
0264616 1086
0160127 1087
0048750 1088
0058461 1089
0076752 1090
0112579 1091
0439815 1092
0078767 1093
0053291 1094
2209764 1095
3289956 1096
0387877 1097
1979376 1098
0293662 1099
5657856 1100
0404390 1101
2194499 1102
0988045 1103
0118880 1104
0289043 1105
1172049 1106
0384642 1107
0780653 1108
0350258 1109
0799949 1110
0332379 1111
0376541 1112
0046250 1113
0080455 1114
0067992 1115
0795421 1116
1226273 1117
0111161 1118
0146882 1119
0177971 1120
1790885 1121
0088847 1122
0056983 1123
0328107 1124
0093779 1125
0388795 1126
4698684 1127
0418689 1128
1289406 1129
0443274 1130
0418763 1131
0104691 1132
0315327 1133
0457510 1134
0842926 1135
0414387 1136
0120647 1137
0067023 1138
0389860 1139
0454921 1140
0069995 1141
0294870 1142
1323594 1143
1179056 1144
0370032 1145
0056218 1146
0816442 1147
1197624 1148
0371724 1149
0052077 1150
0265459 1151
0118615 1152
1325004 1153
0800241 1154
