0 515 834 1077 891 40 513 694 457 554 156 1022 735 883 689 416 299 161 443 610 1106
1 689 280 525 301 606 202 775 233 509
2 542 242 214 800 161 938 967 894 954 1022 563 694 96 229 156 958
3 258 107 626 586 606 619 473 989 128 281 103 277 726 1081 903
4 145 457 51 554 1082 364 811 984 827 302 16 461 387 1108 424 623 970
5 708 291 445 316 758 890 33 253 539 1033 219 1035 80 501 1095 646 171 907
6 486 690 607 691 135 520 612 71 692 501 689 336 133 492 693 694 74
7 204 869 1116 1056 104 572 909 79 1135 282 73 1091 501 122
8 565 1138 992 401 171 94 377 131 1141 392 282 227 220 394 1006 694
9 967 1049 208 161 817 364 578 251 633 141
10 590 1062 39 106 629 927 30 171 372 546 452 558 294 473 568
11 212 712 890 763 342 851 679 176 604 1054 858 808
12 715 656 324 860 953 404 491 145 931 405 390
13 547 27 22 1 61 18 336 7 9 10 941 20 717 898 47 720 1004 429 51 792 53 24 135 1006 66 63 831 834 515 886 554 556 74 324 545
14 403 294 85 394 84 391 400 96 257 234 405 343 147 406 36 398 392 404 395 370 399 402 396 389 393 99
15 870 350 908 822 552 698 1057 30 972 64 383 1133 307 385 564 49 52 508 537 586 43 188 258 1020 119 386 671 548 150 216 311 210
16 85 284 664 736 404 134 1032 376 50 1008 291 353 464 422 1124 35 45 465 879 268 596
17 912 754 783 307 1020 571 119 702 32 308 84 280 654 613 902 388 203
18 478 105 160 433 658 280 1119 342 990 623 786 673
19 1150 1143 1006 74 25 10 332 138 1010
20 238 1089 992 792 130 741 840 221 301 891 1098 191 592 412 613 40 933 365 473 390 98 654 464 462 1062 690 415 211 364 876
21 743 1068 699 389 560 662 408 508 870 60 869 1134 116 1048 131 807 48 1148 475 685 465 313 657 262 538
22 808 713 33 65 1150 212 176 815 439 529 1138 579 267 1154 989 398 27
23 832 730 763 754 1120 36 811 686 443 436 565 912 667 322 356 423
24 152 234 646 80 501 348 58 232 800 653 226 68 792 578 251 514 547 223 157 1 678
25 135 106 124 53 133 139 142 137 65 132 141 143 146 148 150 151 136 145 131 140 3 144 118 149 134
26 113 435 48 603 1133 444 30 292 907 144
27 46 578 279 435 689 717 391 332 833 54 834 681 28 830 735 322 832
28 709 641 495 65 25 726 178 642 743 606 67 380
29 267 450 966 427 884 775 446 619 546 133
30 75 1025 542 967 191 192 193 196 198 200 183 208 247 1102 676 651 246 1035
31 603 563 987 733 1111 820 144 882 115 985 921 1079 1112 463 787 99 526 50 400
32 39 134 371 26 150 923 822 40 695 540 151 766 148 158 428 636 571 953 872 711 1040 464 522 147 419 552 864 139
33 22 8 21 13 15 27 23 11 16 2 1 4 0 14 3 17 6 5 18 26 7 20 10 19 9 25
34 845 278 823 43 605 402 670 612 808
35 519 615 129 97 476 635 548 124 1012 150 216 320 142 1031 863 965
36 279 245 778 698 318 365 238 341 713 13 223 61 3 46 528 501 28 412 62 765 41 1004 517 521 320 331 897 954 509 554 1022 935 899 832 667 950 213 726
37 981 565 773 43 118 925 928 526 589 441 270 655 588 699 1053 808 805
38 192 193 925 542 1033 996 681 732 913 473 1005 1105 325 196 95 198 208 533 1049 210 183
39 62 720 51 717 527 853 942 1095 54 490 509 765 637 59 1040 695 573 438 40 98 457 899 85 179 667 545 39 606 30 316 5
40 437 1088 747 978 1083 865 111 185 1008 917 430 648
41 272 565 49 320 354 103 463 634 391 364 84 506 552 87 406 256 476 1070 1044 676 195 509 109 978 150 383 485 710 176 281
42 362 662 660 661 42 652 663 318 299 665
43 717 46 287 893 168 701 173 26 346 475 409 311 1064 3
44 822 920 652 700 548 562 436 1117 708 204 553 863 378 1044 426 635 189 669 422 38 725 745 666 1018 946 193 542 208 680 1095 501 1042
45 923 1092 618 608 622 742 689 250 945 697 950 339 961 320 422 821 824 180 1005 849 193
46 467 457 463 455 460 461 468 464 458 462 452 454 465 466 459
47 597 493 360 130 907 1089 856 399 90 1146 439 377 427 115 445 335 215 195 473 202 980 610 1035 640 284 283
48 526 1110 933 389 782 42 350 849 874 920 188 534 779 960 669 386 671 548 1103 592 1153 333 707 181 261
49 357 113 111 265 690 1118 3 1100 901 372 941 24 44 1004 332 31 533 694 955 647 458 16 173
50 702 966 857 273 81 964 610 963 111 965 244
51 787 842 1128 808 313 1122 874 93 1014 422 1065 902 315 196
52 147 683 923 656 919 481 116 1101 506 1092 801 1075 918 943 148 502 689 1074 968
53 339 548 390 971 190 1126 1039 1000 202 304 742 203 865 680 247 375 757 1001 522 427 619 389 1025 252 642 539 565 687
54 1026 1118 755 1114 842 460 118 914 841 848 481 604 171 543 763 439 939 248 870 95 329 847 628 562
55 579 127 176 288 272 947 698 727 280 689 734 849 291 811 850 318 227 368 320 868
56 313 563 703 130 844 928 1099 689 1014 697 946 455 375 1038 419 170 661 430
57 921 607 434 919 146 822 737 806 666 920 706 250 669 923 869 635 918 378 924
58 753 120 98 389 266 97 503 307 565 414 744 689
59 767 609 896 4 431 386 3 168 17 897 28 1004 51 24 954 331 323 327 515 832 392
60 949 1001 526 923 1030 908 741 727 147 1120 290 919 709 1075 158 441 666 943 947 140 618
61 90 470 1053 869 202 753 186 241 857 949 971 860 136 959 139
62 124 697 65 119 1154 945 652 250 952 727 392 716 1012 790 1148 151 1065 1084 556 1022 899
63 209 242 651 1007 214 344 234 348 70 646 1041
64 74 31 1081 901 353 1085 324 892 299 364 371 820
65 109 591 52 82 859 360 307 129 785 95 102 107 637 308 32 470 98 1003 363 1017 597 125 1061 395 989 338 479 1105 361 501 104 507 267
66 113 921 281 52 418 435 1101 608 109 703 178 75 205 261 1102 1035 227 232 816 222 61 898 765 744
67 836 316 696 109 686 1055 1087 959 451 127 730 811 624 351 751 985 392 958 182 683 773 815 1012 548 1103
68 66 421 683 1109 130 311 277 122 991 826 719 593 427 930 377 439 133 372 401 571 113 705 185 718 397
69 620 137 82 106 506 335 139 977 401 1055 471 946 1028 358 316 549 243 161 861 694
70 835 623 629 1029 1030 884 276 806 82 683 561 605 107 917
71 444 805 553 663 788 616 671 426 483 481 121 838 745 975 824 93 613
72 182 701 504 638 794 57 748 295 293 1098 308 184 1078 199 781 307 311 43 179 219 192 780 877
73 754 302 886 145 556 658 363 392 1128 714 61 86 276 394 448 564 60 508 747 404 493 78 350 1111 234 271 634
74 1036 606 737 276 714 482 302 757 1111 252 1061 281
75 179 937 155 572 192 1142 950 973 942 39 551 1125 737 1060 444 720
76 562 82 586 721 290 534 1048 805 117 702 669 696 1085 93 133 663 426 825 745 263 318 1150
77 1121 368 613 1141 857 387 176 267 966 1010
78 154 65 912 267 485 767 454 49 46 816 517 825 564 1052 4 896 538 1094 730 386 888 723 740 1154 904 607 1075 605 418 294 800
79 52 665 944 483 634 790 91 848 365 352 1111 162 19 798
80 977 724 465 78 685 519 426 164 803 424 215 1011 406 456 611 712 284 634
81 1080 661 492 506 100 451 1001 747 121 285 630 421 136 16 56 862 218
82 29 166 606 1096 513 979 418 24 957 1067 152 1040 684 153 488 193 853 736
83 1024 835 930 1037 671 932 721 1093 500 372 863 945 640 795 587 1112
84 654 427 89 658 163 295 762 351 480 472 814 118 132 673 476 113 105 844 280 435 478 838 682 104 791 731 1029 465 686 660 307
85 611 406 502 527 297 133 90 1012 10 689 305 538 551 682 494 463 1035
86 49 1141 144 819 204 1087 315 978 997
87 892 860 507 109 313 98 1130 599 1097 124 312
88 522 133 747 520 107 265 102 492 96 475 401 109 463 390 660 654 715 477 211 989 856 126 1146 358 101 519 1002 512 743 130 770 127 1083 270 307
89 372 382 715 985 544 60 494 50 699 686 570 599 441 281 33 743 684 703 117 316 669 983 181 730 1021 261 232 268 357 880 365 7 3 554 154
90 53 738 54 765 29 831 1098 1127 886 1084 153 558 61 548 1087 578 493 1017 49 355 385 365 748 793 238 532 249 111 131 592 168 188 778 64 638 258 815 555 473 156 110
91 1028 1032 1112 721 1067 686 476 661 1071 618 600 959 335 548 700 426 821 1051 981 816 1033 193
92 1057 52 188 525 697 958 140 498 548 663 308 1023 32 821 85 67 767 995 111 456 631 1049 980 192 680 227 219 80 274 798 68 251
93 442 813 1073 1107 1109 605 561 526 402 993 146 540 986 1142 50 783 1072 296
94 442 61 336 403 18 641 394 891 20 521 717 9 396 898 25 941 19 527 53 942 453 940 458 31 71 931 490 319 692 324 899
95 482 61 1010 901 352 891 1034 1136 55 394 528 10 547 20 1008 93 616 941 717 162 172 879 898 19
96 752 842 822 109 737 875 1076 706 962 538 1048 386 216 155 592 861 1023 910 304 196 357 238 86
97 778 178 50 33 277 249 680 195 60 821 723 202 357 481 546 487 359 175 564 15 787 935 289 386 841 222 2 7 516
98 923 381 292 355 755 468 460 187 113 570 115 48 841 774 256 171 585 43 298 715 666 947 684 698 176 479
99 602 599 520 605 601 603 477 600 540 606 598 597 438 586 607 211 423 272 588 604 411
100 196 325 1059 208 191 867 770 430 486 519 299 642 334 227 632 221 254 718 1021 240 651 638 648 922 1132 872 344 501 237 114 796 640
101 708 505 354 754 89 658 1102 606 203 659 561 233 877 315 245 188 0 935 22 466 11 555 994 777 23 535 61 13 238 578 1101 2 237 126 1103
102 43 301 574 99 82 1080 1109 545 508 683 772 723 102 564 362
103 406 773 346 265 415 577 367 343 1016 381
104 1073 733 993 869 1028 670 450 444 786 353 480 449 959 420
105 397 609 614 613 615 134 176 404 492 612 611 383 122 610 470
106 587 121 1122 753 823 171 176 539 1082 123 427 770 859 616 180 1091 683 966
107 553 32 1135 315 84 426 1036 830 38 134 180 263 306 905 976 1082 981 409 88 983 178
108 869 822 419 1097 808 684 874 849 744 920 97 108 188 959 589 339 946 119 702 311 977 150
109 778 240 484 228 365 581 58 138 9 817 1064 487 374 274 220
110 733 508 43 715 400 1131 843 102 919 158 1071 116 975 311 669 1108
111 217 764 1104 481 186 271 42 598 819 752 647 626 625 775 485 171 810 708 575 760 478
112 909 448 179 665 723 306 300 292 731 255 1011 75 913 1034 980 938 253 529
113 772 1133 1017 588 702 118 149 144 24 501 311 62 102 549 822 412 303 846 43 516 179
114 1009 385 572 565 588 544 414 838 139 1026 1133 503 688 248 1124 52
115 386 227 680 173 1034 728 209 254 246 219 1021 1140 674 1095 228 638 1035 236 152 643 659 341 413 58 45 244 797 235 578 35 330 922
116 120 137 889 734 476 612 73 809 606 892
117 455 561 525 368 188 1076 296 128 421 1130 772 87 498 559 863 975 133 999 369 865
118 715 918 575 376 147 477 647 485 155 719 1054 601 384 44
119 658 475 105 944 568 524 852 911 1089 682 597 445 1138 575 99 133 714
120 542 718 142 529 809 226 817 133 708 1097 152 245 722 229 464 1096 994 853 459
121 1098 987 1077 540 39 120 584 847 412 165 439 1017 569 873 613 815 481 343 508 273 560 20 846
122 351 114 794 357 848 431 680 704 837 276 555 395 877 126 622 1078 519 308 383 496 1149 287 141 731 421 721 256 390 500 662 477
123 428 437 339 254 105 440 429 431 426 430 284 436 356 438 235 439 441 354 445 244 400 427 161 446 113 433 435 443 442
124 1053 81 758 824 249 796 313 99 583 23 885 223 1004 133 89 818 439 654 382 856
125 827 1105 501 98 105 401 375 1071 646 517 802 758 18 247 174 641 901 46 894 55 394 551 10
126 553 813 139 418 20 1037 617 266 149 809 433 455 5 654 179 57 1138 1031 1152 1079 818 755 778 833 32 726 269
127 107 25 466 922 720 692 239 495 7 883 617 898 632 138 80 538 603 554 75 1000 411 600 741 85
128 706 684 405 404 459 545 1100 850 324 752 375
129 29 145 509 338 101 129 125 126 395 473 112 111 95 123 499 503 377 446 308 512 511 443 498 502 507 108 500 506 427 147 508 372 265 510
130 468 985 731 921 1056 481 919 843 290 158 739 814
131 256 505 944 815 773 728 106 489 96 190 511 978 164 716 706 583
132 549 1037 571 279 0 46 354 318 3 188 365 578 533 173 689 62 717 320 552 267 628 176 799 368 111
133 929 639 646 341 768 274 370 413 279 464 357 800
134 469 593 345 1063 936 125 594 591 576 927 1066 1019 783 572
135 43 1107 400 608 561 932 565 1131 39 1015 993 815 715
136 663 173 1095 718 152 1005 283 88 58 8 1127 956 17 1102 10 647
137 814 988 1061 164 576 48 748 149 1105 508 557 727 144 625 115 948
138 333 864 263 282 1005 549 910 981 909 723 79 304 203 913 201 542 200 191 1059 325 486 183 227 221 219 246 638 636 344 234 63 515
139 368 1083 118 579 474 133 1020 769 577 705 108 48 534 392 216 626 1090 543 677 448 763 848 1023 699 756 1005 318 910 723 983 759 67 79 111 183 208
140 978 411 454 601 888 149 359 126 441 525 950 90 977 534 960 656 306 976 793 6 31 458 324
141 642 400 1021 799 111 558 639 254 486 786 320 243 197 100 711 372 356 633 464 998 756 21 4 1126 386 896 700 210
142 564 402 699 657 979 570 598 972 599 918 943 1140 666 947 389 1057 42
143 804 694 545 937 630 1088 94 348 1109 325 1005 1115
144 342 818 349 269 624 276 626 761 604 176 584 847 914 169 710 849 13 65 67 939 351 848 851
145 173 675 778 274 141 133 0 868 14 820 506 731 345 26 449 324 154 626 1009 523 288 184
146 248 28 1100 44 467 606 1099 784 61 621 687 908 495 732
147 523 611 669 286 962 84 1051 995 808 678 542 1007 224 284 795 793 641 879
148 963 105 552 726 292 1112 50 94 709 999 75 221
149 611 204 371 1150 951 103 100 553 601 407 499 1029 1050 165 918 474 1002 576
150 496 253 214 303 1029 207 905 907 1002 381 1153 972
151 514 180 223 581 179 191 327 59 765 522 674 496 256 598 200 554 458 468 56 808
152 471 1032 459 571 21 66 872 10 560 550 322 74 823 714 436 1017
153 609 1065 814 925 955 40 545 319 8 1015 800 636 1029 193 374 282 413 410 689 963 237 234 846 879 1037 802 799
154 947 965 1046 952 150 974 85 678 981 816 830 760 536 344 793 229 535 895
155 273 270 654 471 498 382 390 130 212 109 308 96 558 338 772 1018 713 329 961 103 989 186 102 195 405 278 906 1005 378 113 84 289
156 84 242 60 387 1141 119 494 630 752 267 150 815 128 64 414 1070 78 280 634 448 300 1033 11 930 676
157 673 912 212 544 368 122 552 992 828 89 1069 499 1068 179 1067 791 925 430 1070 131 37 713 358
158 176 1014 1023 333 902 445 409 757 255 862 1147 240 529 487 297 614
159 997 665 960 134 325 817 49 385 977 959 710 811 1 998 326 614 497 775 864 312 718 247 84 999
160 1034 867 766 1137 674 1147 372 422 261 254 691 797 1101 798 1127
161 822 101 841 843 806 290 411 606 1112 750 715 1079 1080 455 776 118 978 96 265 903 494 478 607 1008 619 107 525 361 109 126
162 311 909 580 92 223 528 3 533 188 201 915 222 1021 15 570 187 725 350 333 779 168 668 720 776 26 564 745 152 126 189 1022 81 236 590 72
163 737 931 802 19 1095 9 898 35 692 765
164 732 915 465 822 9 251 550 1064 14 453 157 95 556 955 20 823 669 379
165 75 674 223 740 736 332 1029 798 915 1016
166 60 1146 1112 939 715 182 43 586 1079 167 839 721 288 402 130
167 557 346 686 1147 1027 715 718 1052 631
168 22 694 491 518 47 40 74 495 692 647 7 318 1006 29 61 898 984 408 334 23 545 242 128 537 602 39 895 953 521 1106 411
169 435 131 356 48 813 586 538 851 339 286 262 1023 745 318 193 778 219 246 284 365 638 905 793 161 722 535 17 46 528
170 866 1005 549 304 759 203 195 300 181 369 205 192 938 191 486 675 539 1035 651 638
171 1024 966 1028 129 492 1026 447 99 290 305 76 691 201 1025 325 681 1027 221 922 1021
172 695 164 585 368 413 639 517 208 1035 858 723 842 700 485
173 455 586 1118 561 50 608 402 296 540 662 290 822 1136 699 598 607 91
174 1036 482 409 92 178 189 203 194 171 1025 253 1027 632 539 949 39 236 240 634 365 636 234 454 58 645 864 817 231 11 8 141
175 496 52 727 43 729 628 726 557 281 33 442 730 731 118 146
176 1063 593 877 572 1066 591 469 550 57 780 748 508 649 308 555
177 1078 295 293 776 1068 748 580 649 510 591 61 206 672 184 140 205 815 781 182 516 3 188 592 201 935 1021 812 4 439 30 673 852 173
178 67 759 217 571 195 888 113 304 1122 118 296 806 424 536 95 285 201 272 265 75 481 499 271 121 1131 682
179 100 424 362 65 98 101 1097 122 369 205
180 514 907 223 788 518 436 932 921 1124 831 138 152 167
181 614 211 635 139 464 822 987 172 849 79 1049 410 722
182 17 21 243 145 671 372 52 385 564 350 971 972 842 840 430 928 30 113 42 559 281 33 588 571 329 444 379 95 473 775 37 973
183 1056 186 1047 1023 426 865 610 38 1054 440 581
184 698 695 384 389 1028 598 39 1013 737 170 1076 276 188 316 721 784 959 93 997 608 697 572 700 1046 977
185 1071 554 496 266 332 79 8 1038 413 146 676 558 984 1031 473 50 513 625 442 208 646 284 631 321
186 147 988 1105 313 462 618 316 684 538 189 392 65
187 313 309 307 316 312 310 311 308 315
188 460 1120 713 1052 621 248 496 843 1092 887 808 986 1149 379 1094 952 407
189 708 248 599 918 440 146 1114 806 986 769 329 888 207 602 698 402 919 211 540 1055 188 432 1110
190 838 179 1083 508 844 522 43 1109 586 780 419 307 666 367 309 519 684 553 504 1078 303 314 1125 305 723
191 381 449 987 710 169 985 473 988 655 106 715 598 986 808 561 873 519
192 393 356 703 85 744 205 1152 541 819 319 1018 768 4 585 718 501 624 776 485 761 604 691
193 812 201 173 676 1021 651 794 644 646 114 279 391 487 45 259 226 161 245 251 141 21 11 223 2 136 668 5 72 174 894 717 20 47 53 900
194 234 732 636 799 118 44 940 1084 898 387 39 160 151 968 880 374 252 324 689 100
195 288 434 684 389 415 789 938 249 718
196 1031 734 852 271 1010 281 383 568 682 730 379 600 700 890 90 636 284 283 800 575 16 32
197 324 318 979 758 74 1084 689 142 976
198 553 977 154 694 245 106 137 382 277 1045 597 752 401 1131 463 1030
199 136 220 518 754 463 496 577 414 327 20 917
200 663 685 1036 866 303 424 426 84 315 976 85 1007 222
201 772 1017 588 57 462 791 98 963 186 176 414 584 974 297 497 568 1046 481 473 447 139 294 775
202 698 42 619 604 131 565 356 99 625 1055 1133 571 583 57 748 775 95 837 507 52 1105 115 372 1061 836 714 673
203 444 917 577 1057 43 508 49 627 182 307 808 276 552 599 943 870 561 586 959 164 250 700 311 960 481
204 336 61 653 352 1100 46 429 895 422 467 958 926 458
205 446 683 561 94 258 1072 1134 917 822 155 309 951 1047 188 1116 438 1014 119 392 663 423 1135 32
206 469 607 702 93 599 1014 137 850 160 424 756 92 964 377
207 92 169 718 906 631 820 1033 689 837 361 635 232 217 1046 659 223
208 225 575 591 942 318 452 546 1039 303 829 125 644 730 392 1028 234 164 355 409 294
209 708 577 503 280 1053 1028 921 843 1126 686 666 1049 1027 364 994
210 278 476 734 619 871 868 95 470 1058 713 131
211 121 476 129 734 532 481 338 1119 755 408 430 270 113 472 428 1010 857 264 447 49 971 563
212 379 127 1110 474 1090 584 342 677 597 991 269 615 1073 358 1093 512 496 577 912 583 943 212 1072 450 478 705 349 624 763
213 42 407 117 481 1052 917 565 315 1150 687 75 1021 37 1138 235 410 824 383 753 560 576
214 707 732 247 675 437 858 664 604 236 650 818 152 22
215 1027 397 85 1013 865 1034 680 227 539 676 221 249 718 778 1021 219 36 365 370 501 275 799 80
216 684 920 849 974 622 807 187 958 454 438
217 700 977 961 150 1148 579 112 582 1065 1045
218 136 893 896 337 174 897 901 894 6 69 895 898 25 467 814 900 453 63 331 66 692 323 834 899 74 562 145
219 586 296 699 1057 378 904 83 67 181 1095 659 391 241 0 505 56 59 886
220 424 456 865 1121 996 1049 648 235 336 25
221 533 195 203 134 553 385 587 728 261 634 817 370 861 1004 66 784 164 352 959 60 1022 452 916 1114
222 1090 592 32 829 333 825 864 902 756 263 443 482
223 296 309 709 276 806 277 824 804 302 758
224 120 106 507 176 1080 820 448 211 579 1026 102 1122 473 809 597 267 275 400 418 346
225 704 656 139 985 562 418 526 843 923 291 276 43 602 806 1029 494 1112 540
226 794 582 878 1064 451 586 487 1078 514 39 109 547 49 13 535 1148 696 198 138 943 821 779 591 1103 279 534 389 668 485 3 702 179 1026 307 566 168
227 11 27 690 4 956 136 668 72 641 633 55 484 717 429 332 942
228 803 653 109 200 882 1148 960 404 799 1037 177 1006 714 885
229 918 974 457 570 1075 1145 180 28 85 1092 350 776 644 698 822 704 562 1099 720 564 808 578
230 23 222 466 690 994 2 138 16 157 896 4 0 136 17 5 337 517 347 26 72 18 330 174 7 521 46 55 941 162 10 1004 51 31 490 765 321 886
231 187 774 987 1142 1047 1131 438 1046 216 1011 1033 867
232 686 598 823 789 189 485 1108 592 399 1081 455 1023 745 180 354 195 200 304 445 238 13 408 870 847 80 269 3 373 778
233 491 366 37 522 239 929 1129 382 679
234 188 706 438 968 652 119 250 574 957 128 1014 749 700 969 289 977 150 197 371 685 724 1103
235 1069 408 629 132 773 836 787 662 849 870 188 1026 855 962 1103 1153 150 995
236 551 548 135 528 550 54 327 556 491 553 515 555 546 552 328 391 157 231 547 554
237 97 844 631 483 188 586 279 972 1068 935 1115 524 1139 561 997 673 840 312 131 58 582 156 745 546 452 258 598 60 303 591 125 57
238 1129 674 181 200 282 673 681 884 1095 246 374 79 718 305 272 1035 501 651 249
239 433 603 269 764 851 267 127 820 176
240 571 1080 478 265 480 784 1032 76 173 680 523 196 205 980 206 192
241 712 835 1132 350 480 123 889 811 860 652 753 338
242 1151 963 695 432 687 957 98 758 1011 277 193 675 1130 1095 571 1041 530
243 813 948 496 436 1053 43 146 270 540 258 359 908 921 362 595 806 557
244 552 356 750 115 50 787 822 918 1013 951 343 289 1012 85
245 817 718 1098 501 320 928 40 493 11 337 509 272 302 60 922 267 102 795 235 114 89 391 737 221 27 211 503 343 1118 66 71 494 61 126
246 1110 786 838 814 849 959 150 151 957 419 1144 863
247 828 826 787 629 248 34 360 1073 402 605 507 943 1140 534 108 150 151 1108
248 544 1103 399 524 1013 655 125 700 133 134 356 463 1071 475 415 52 1062 39 737 548 885 753 713 264 329 859
249 1018 213 1051 995 92 816 409 723 865 193 760 252 680 464 711 614 241 15 222 27 138 1 5 17 168 765 1085
250 758 631 252 221 929 922 283 646 792 10 20 41 942 53
251 188 586 316 385 564 49 52 350 575 144 149 468 176 958 133 399 439 460 1017 588 772 1103 985 748 57 397 30 493 1025 200 818 342
252 106 358 890 1113 360 502 87 782 618 661 126 575 107 612 445 442 372 401 597 607 1057 73 744 377 1058 42 590 307 544
253 753 763 666 714 447 480 481 451 946 948 1050 802 569 1139 434 695 761 1137 281 42 968 1117 769 782 508 1089 1043 342 677 744
254 394 895 44 1047 439 900 579 135 31 931 1006 490 317 154 545
255 946 126 957 749 702 751 807 189 669 311 696 671 277 548 663 523 320 592 204 308 417 504 1135 32 425 84 1036 678 864 804 827 302
256 616 772 921 207 557 503 686 124 250 392 844 75
257 983 304 536 75 374 234 237 800 817 878
258 222 514 138 15 13 11 535 505 229 2 881 157 609 1 0 956 136 14 893 61 6 17 517 72 336
259 526 522 524 520 519 525 441 523 241 521 3 396 122
260 57 154 495 899 717 1034 174 341 128 91 116 43 120 125 395 121 272 637 612 401 498 771
261 840 862 267 401 892 772 1008 37 661 99 1013 858 1119 462 93 1126 571 435 509 20
262 906 995 812 92 67 203 195 1137 128 913 1121 194 111 79 760 205 325 756 196 32 680 334 252 642 1140 1035 236 650 1095 659
263 894 633 322 955 649 541 250 550 734 141 45
264 1065 262 767 136 664 527 792 85 703 900 954 63 1005
265 189 855 216 262 1065 592 204 1078 38 333 864 904 1018 1051 318 906 995
266 860 1138 791 907 716 1069 122 713 970
267 303 302 305 306 301 304 300 194 299 253
268 713 704 1114 120 916 602 571 1001 494 473 340 171 118 620 478 582 480 447 122 493 683 852 293 269 43 561
269 46 645 633 720 347 534 24 956 1095 689 55 162 53 56 848 882 550 668 240 513 1022 955 1139 1015 189 222 919
270 787 871 158 602 133 993 379 1026 30 819 811 248 160 770 1138 146 599 540 840 439 753 822 368 1031 127 293
271 89 48 96 60 103 106 115 118 120 100 101 104 105 109 113 125 126 127 88 90 99 102 111 114 82 121 122 43 129 130 92 94 95 112 116 123 124 91 97 98 107 108 110
272 685 745 282 983 178 758 304 193 253 989 876 136 516 366 1098
273 1050 320 817 221 48 115 392 486 1118 60 113 343 75 126 302 1028 949
274 626 115 871 710 1144 825 613 480 1054 579 619 181 408 187 620 571 205 130 355 782 527 529 321
275 1101 1148 336 799 602 435 606 486 63 1124 281 1041 1038 225 344 9 697 38 993
276 372 825 785 829 826 823 824 32 210 426 828 315 125 147 821 822 615 820 693
277 640 363 659 279 391 58 1102 498 412 238 915 13 23 138 157 136 991 431 61 17 7
278 220 1049 9 1100 765 490 1060 321 554
279 985 1149 782 65 696 669 386 671 533 1018 213 195 224 768 251
280 146 147 338 533 935 13 279 3 0 149 473 535 485 838 558 131 848 764 372 307 57 719 42 198 810 578 699 1098 515 272 595 990 481
281 746 1026 126 588 104 477 762 566 1080 652 533 1090 90 502 601 745 824 123 817 910
282 472 113 395 704 213 1005 864 950 518 739 3 957 809 504 691 285
283 96 284 275 892 525 6 579 891 390
284 234 877 711 238 239 251 35 880 876 878 241 229 178 141 61 17 18 596 403 174 7 172
285 189 286 481 961 372 504 861 142 1065 553 703 726 1057 213 1051 151 200 208 486 261 674 638 365 982
286 400 94 839 908 979 993 1015 739 1131 1136 721 709 290 296 919 288 1072 1101 1145 199 1092
287 365 122 370 369 363 371 357 372 362 285 95 367 366 361 358 147 359 364 223 360
288 805 313 140 296 1103 949 824 1121 235 141 241 521
289 875 1129 265 48 90 437 204 315 866 824 280 67 757 1121 76 201 202 186 75 260 867 261 249 718 284 799
290 160 449 450 451 452 378 439 447 325 262 245 448 35
291 687 999 85 790 754 1051 302 356 812 983 178 79 691 205 325 193 252 1021 1035 646 487
292 822 1009 134 1080 869 843 400 733 964 390 753 757 925 1153
293 984 1120 565 176 888 131 623 401 1091 444 102 912 407
294 706 947 1047 250 695 189 1145 1108 1117 1144 423 531 36 459 44 327
295 807 276 65 97 421 534 713 119 1130 438 368 1012 264 884 178 689 560 194 227
296 276 875 102 519 947 756 721 768 948 541 673 949 517
297 301 448 597 1115 544 47 654 280 551 118 476 317 176 194 931 159 29 21 471 520 154 74
298 106 368 1107 654 1151 1119 397 443 558 353 127 382 801 400 94 890 566 1142 292 1131 362 1052 258 972
299 96 44 450 820 478 706 868 176 325 1104 729 958
300 147 227 655 14 403 673 51 853 559 766
301 103 122 767 75 1044 974 1009 971 609 1086 614 899 100 1099
302 43 179 582 591 771 772 770 587 595 57 769 295 508 125 395
303 316 335 419 837 343 689 600 266 968 693 1014 957 700 286 975 392 371 977 277 78 790
304 1055 1124 342 626 762 1077 458 927 550 510 347 74 589 115 917 696 745 1089
305 900 85 453 632 694 222 905 832 613 473 404 549
306 331 870 935 69 318 21 1078 776 725 205 783 347 140 1021 274 735 775 942 720 345 449 468 54 590 210 752 352
307 269 407 670 775 682 575 481 1003 1062 939 667 848 130 167 190 835 121 628 626 677 478 1061 925
308 450 315 988 176 820 710 64 756 193 81 680 147 889 985 622 261 1095 146 772 1017 449
309 486 822 933 959 458 768 1108 683 686 1130
310 995 622 84 402 835 52 325 150 579 1116 76
311 755 178 195 203 757 756 194 759 111 758 177 300
312 1099 442 506 770 805 307 1074 807 1046 108 1103 663 1038 203 687 226 166
313 377 600 1066 703 316 959 701 1001 945 119 957
314 632 631 634 261 211 635 636 191 638 542 232 279 241 639 547 633 223 11 431 187
315 808 389 933 782 1057 42 997 698 705 1076 769 789 343 695 1047 968 946 250 119 1038 702 538 700 779 310 696 569 969
316 972 728 1029 175 661 605 670 677 286 473 50 99 1107 1130
317 553 565 606 877 1140 649 973 1084 47 498 104 57 427 1040 873 380 87 32 756 476 76 466 994 1102 694 328 267 114 112 1153 111 1000 503
318 808 432 402 107 60 155 126 131 441 140 52 564 598 917 295 586 110 660 774 1057 102 375 575 86 705 997 1050 544 316 689 311 960 189 663 277 289
319 859 399 477 1094 1113 1083 826 770 595 343 807
320 558 373 408 606 1087 766 845 144 1099 218 102 731 1053 1145 1097
321 733 972 1128 126 176 947 460 440 933 98 1076 534 416 706 353
322 250 119 386 855 392 1154 78 703 1103 975 854 197 204 1065 861 553 426 315 1023 501 344 284 459 323 29 970
323 710 474 972 987 584 127 460 871 785 579 811 110 595 164 559 295 1115 820 1026 258 358 215 500 483 376 1017 131 783 211 291 212 1133 107 580 402
324 561 1056 839 1131 783 608 296 158 780 1134 1139
325 952 1018 981 914 81 195 178 177 913 379 1033 1034 1035 224 796 643
326 223 222 157 524 136 1 1082 10 1061 47 958 128 844 44 898 1080 61 31 71 383 590 620 106
327 61 10 527 793 404 284 518 261 692 66 490 319 63
328 737 108 93 660 86 502 77 335 742 607 519 598 371 739 413 740 535 17 738 554
329 1000 565 96 113 320 111 1028 234 817 46 575 1008 586 104 264 436 106 338 82 41 778 103 969 606 324 445 658 1118 238 356 267 776 61 840 161 505 466
330 985 622 415 987 671 1129 504 635 1046 262 919 1116 1148 861 293 295 746 540 150 148
331 1094 1058 276 37 612 430 126 96 1118 120 121 267 575 119
332 316 68 67 190 939 84 45 654 34 477 1113 340 719 145 962
333 326 261 121 674 734 733 444 732 542 735
334 746 101 378 1143 807 1078 315 425 1154 866 426 38 60 902 247 261 718 254 664 1095
335 483 526 148 502 86 958 696 78 1012 678 812 36 394
336 399 833 281 917 810 814 33 699 961 775 575 212 772 765 1152 488 954 1104 877 368 582 71 836 807 604 99 331 56 564 543 1022 1069 541 597 10
337 418 916 525 664 357 1004 39 47 1061 998 210 976 566 501 692 448 46 126 66 715 872 370 191 371 276 503 886 717 1127
338 933 925 1001 335 568 610 903 269 42 518 834 520 511 817 736
339 528 1105 1099 920 559 585 267 988 542 959 983 800 832 374
340 481 400 0 516 1063 29 1071 221 541 248 515 1093 887 846 831 1062 368 446 727 275 256
341 428 65 646 1037 689 68 751 817 161 231 303 441 882 1098 969 1116 694 1091 957 539 1006
342 542 1106 878 141 229 230 180 21 357 80 547 13 8 1102 874 221 11 505 16 222 501 5
343 519 405 575 657 138 152 60 579 371 48 147 115 376 163 98 659 85 656 652 655 493 653 361 654
344 914 468 838 868 871 714 158 584 710 820 449 847 176 460 98 600 462 130 911 920 313
345 824 866 999 67 203 111 304 257 369 691 221 642 227 283 161 8 11 994
346 30 508 294 754 179 57 532 748 60 115 48 125 783 493 385 587 52 595 444 813 594 293 295 469 582 122 1063
347 744 420 338 685 422 430 358 1074 318 1024 758
348 614 229 876 547 466 222 138 609 157 1 61 17 16 6 19 10 46 898
349 115 939 772 383 52 837 171 852 526 925 295 705 1110 1055 473 1133 603 1134 590 445 218 810 1017 98 508 444 688
350 1094 284 579 820 121 406 450 988 464 77
351 470 127 715 338 716 719 512 552 511 713 120 100 714 87 711 501 197 718 717 133 436
352 353 1009 272 503 809 1151 1112 455 884 661
353 962 700 969 669 289 907 286 1002 386 781 724 363 652
354 39 329 524 682 1124 43 101 1000 290 421 356 303 750 419 268 676 792 877 343 11 878 863 66
355 876 702 353 970 926 200 528 1102 78 810 814 53 713 81 367 525 893 493
356 383 608 743 997 335 806 87 155 127 1130 108 1103 611 426
357 555 469 580 57 347 23 1004 162 179 561 1115 311
358 515 899 118 498 195 153 49 521 115 41 311 179 20 308 564 508 120 717 994 57 267 748 293 184 199 182 812 92 350 192 780 954 765 162 978 1000 504 357 809 528
359 211 850 599 531 621 134 263 1018 450 619 987 867 275 710 501 146 284 464 645 1040 1096 15
360 540 543 542 176 325 412 426 539 544 545 381
361 84 86 76 83 87 85 81 77 82 79 75
362 404 54 769 1049 942 504 172 994 120 331 739 937 867 605 865 1096 57 320 475 326 1143 206 303 913 59 702 275 940
363 115 621 617 382 620 30 616 564 402 598 570 400 619 618
364 874 1127 773 61 56 1002 439 211 133 499 96 1098 821 515 513 208 170 1003 734 95 776 899 790 944
365 655 465 819 258 211 1149 737 840 662 627 844 307 818 875
366 276 506 950 272 951 372 108 689 947 952 418 150
367 244 793 231 68 1136 235 578 1058 509 817 963 1066 617 469 238 239 251 625 777 880 876 1064 241 202 141
368 346 1015 1056 340 480 728 843 400 267 50 993 276 402 818 1109 628
369 419 418 343 97 420 416 421 128 119 150 415 422 417 210 423 425 84 426 424
370 524 925 620 1151 447 508 670 774 494 402 259 893 46 528 12
371 416 128 1014 93 960 706 999 180 758 938 1049 196 244 653 792 817 22 9 717 159 694
372 1116 1114 810 338 729 1054 1066 1113 104 1115 582 860 1079 930 793 800 963 916
373 822 864 650 888 810 271 561 846 867 493
374 845 354 848 1125 355 764 677 943 1030 442 297 1120 1132
375 280 786 844 1055 629 48 356 1107 599 519
376 713 120 443 107 884 660 1138 380 400 376
377 165 375 1070 273 507 990 754 176 788 1058 559 163 903 966 593 387 281
378 888 1095 674 639 1042 341 413 232 799 229 241 252 609 7 336 1129
379 341 96 302 491 493 221 488 485 492 486 25 474 320 61 484 489 490 494 497 483 495 496 108 32 352 75 466 335
380 740 646 798 392 578 711 1106 61 136 755 0 431 6 505 28 1107 453 642 525 111
381 68 322 480 442 65 1071 1104 118 230 222 155 833 30 1103 776 898 843 784 1133 840 730 678 1041 800 631 409 175 832 814 779 44 167
382 1136 520 296 801 721 1105 476 709 362 1113 1029 375 739 1071 1142 414 288
383 67 219 246 236 650 365 982 284 796 640 643 639 166 341 1041 659 279 391 800 58 232 581 645 226 793 68 245 238 251
384 754 576 780 110 580 345 587 595 140 705 769 307 594 874 748 179 801 295 701 805 407
385 113 741 932 165 568 60 278 435 704 1053 603 492 130 149 716 418 57 493 89 469 485 144 267 597 856 115
386 756 409 1044 213 221 98 523 242 75 81 827 763 344 723 685 696 548 214
387 372 81 318 829 122 500 818 342 269 624 1090 626 604 761 851 677 543 378 359 493 679 252 485 698 219 236 810 699 814 596
388 30 774 657 750 115 298 1048 586 109 361
389 579 753 820 468 96 727 387 615 815 733 127
390 37 38 32 36 33 42 30 35 34 31 41 29
391 60 167 432 86 377 368 934 375 455
392 490 425 519 108 527 314 32 663 31 824 510 509 553 750 693 154 477 107 25 21 391 771 11 523 952 932 854
393 278 494 64 297 302 305 194 642 344 501
394 3 909 17 347 61 26 72 516 51 24
395 235 157 303 752 92 473 874 775 481 317 294 982 212 1136 747 1034 23 1001 226 810 78 814 1043 53 43 52 385 564 350 720 527 219 114 575 308 772 817 821 193
396 762 513 451 329 753 354 842 445 723 793 375 589 829 501 164 395 32 624 141 962 84 584 146 875 889 536 912 452 630 699 754 107 378
397 43 294 564 783 1126 686 37 808 1119 917 661 666 1039 375
398 657 1125 627 483 376 948 381 163 625 118 1043 682 171 1104 436 193 873 617 788 476 1115 944 846
399 132 1093 846 404 168 1152 373 428 1062 134 887 655 891 1086 785 1104 365 1123 56 340
400 253 240 1059 221 681 1007 299 249 228 803 84 1011 718 77 778 435 651 648 422 634 691
401 606 125 66 1085 591 308 154 179 899 787 11 978 315 845 427 966 1113 382 573 717 1098 221 172 521 92 809 153 67 68 550 516 877 43 1143 233 341 203 906
402 176 660 271 933 368 507 903 589 946 702 617 1103 277 824 127 1121 221 758 559 11 6 394 879 615 926 332 453
403 94 270 687 225 716 10 207 477 823 239
404 959 368 1044 553 32 1085 1036 830 804 303 1082 213 371 1005 193 202 1033
405 96 586 718 346 981 957 552 1029 830 1034 368 200 232 363 90 245 511 66 1111 222 189 82 9 46 202 152 750 271 790 733 871 545
406 753 476 857 470 538 57 307 860 112 320 809 430 104 98 1067 197 854 89 96 338 477
407 476 688 1052 1152 211 42 262 1103 523 65 622 961 843 884 1095 219
408 525 875 367 335 1128 343 918 802 98 769 1130 689 959 874 188 701 97 693 65 250 957 149 671 289 189 538 256 421
409 753 505 1100 742 1007 285 573 929 440 100 264 320 272 128 809
410 746 308 751 743 716 655 360 142 363 366 147 744 479 571 752 754 748 84 753 311 77 49 749 747 98 180 750
411 246 646 259 793 817 238 157 1 4 896 893 18 897 901 528 69 62 41 53 541 953
412 352 392 1005 48 384 663 757 76 111 180 812 718 982 659 1095 152 58 668 80 744 738 63 74 711 958 633 72 353 806 533
413 344 1041 581 45 225 4 668 336 1100 10 429 44 24
414 110 607 91 441 1140 86 109 1128 389 965 737 42 382 753 129 446 747 130 544 264 266 90 188
415 780 694 241 729 1148 216 456 689 1137 795 883 33 1125 1051
416 1146 295 49 948 572 1137 480 149 272 873 750 494 102 293 1111 1149 801 346 686 786 297 859 506
417 373 1028 1030 758 288 1128 234 646 34 487 68
418 791 121 614 136 922 529 880 504 568 688 494 452 1120 43 1137 472 788 819 130 627
419 324 48 882 586 748 560 61 1000 553 84 591 171 256 685 1147 105 126 267 510 492 356 587 271 382 223 718 701 436 295 103 966 85 1027 233 1062 179 1080 274 973 466 249 470
420 479 741 372 708 577 984 844 603 144 526 50 287 506 686 782 670 316 534 1047 995 527
421 715 146 418 785 434 496 787 176 615 468 750 773 577 175 561 813 120 346 460 211 540 1124 1003 919 1150 993 873 843 1073 988 144
422 442 916 837 1015 50 1075 918 1047 1130 256 958 1131 977 864
423 762 1118 726 410 408 791 440 813 1075 661 781 700 286 314 864 586 760 152 758 895 337
424 1114 785 141 88 106 201 778 753 149 311 179 368 473 485 510 295 95 1125 443 90 770 716 446 1113 385 77 971 445 278 1069 823
425 99 362 577 1062 734 401 608 447 546 454 82 620 601 619 48 998
426 722 817 245 412 238 915 880 777 633 530 878 8 11 223 535 4 0 168 330 897 162 717 10
427 354 1062 835 623 601 298 142 632 221 284 488 330 320
428 710 868 871 449 540 1144 987 1046 146 143 49 176 847 584 134 811 1075 342 850 160 542 818 349 626 269 761 851 677 127
429 1136 561 540 49 1094 385 52 1026 497 296 295 293 402 103 430
430 265 577 1083 1094 476 1118 567 655 966 483 786 1068
431 159 973 930 91 216 19 654 99 856 484
432 727 150 267 1073 867 549 1075 952 652 1016
433 1103 46 485 248 1035 281 900 516 527 899 188 95 566 442 233 384 832 125 532 873 753 249 672 118 263 780
434 869 140 316 451 821 769 36 822 867 173 365 872 868 871 449 870 710 129 571 281 118
435 442 567 166 488 1025 1080 830 32 852 817 277 681 743 956 831 368
436 528 323 554 1096 1123 398 332 953 811 160 614 850
437 516 574 13 572 581 445 577 258 573 576 568 150 584 179 569 583 43 59 582 579 232 267 578 571 552 467
438 705 97 171 852 493 267 585 785 615 399 368 775 579 340 1141 1023
439 291 549 473 987 92 620 812 470 423 1015 531 727 1144 913 36 200
440 953 328 1084 120 656 98 401 619 652 949 83 1137 827 711 497 716 443 883 96 905 1011 901 357 609 108
441 617 714 120 1002 962 159 978 1136 845 1061 313 414 1039 308 995 544 257 511 179 247 996 222 917 879
442 260 263 256 183 247 185 248 198 196 255 206 257 258 262 253 173 252 250 249 261 254 228
443 565 864 702 282 1051 318 906 697 749 195 304 760 375 183 1033 816 209 206 152 70 639 45 168 528 551
444 145 707 479 708 710 61 113 96 709
445 447 837 726 565 1107 438 968 50 933 1068 1062 698 386 1099 660 716 264 311 935 248 465 707 755
446 224 254 102 234 166 45 61 10 551 396
447 994 992 37 993 529 123 990 970 73 612 654 991
448 112 175 48 675 203 676 1027 1099 221 1114 1147 867 1121 568 100 101 126 1035 365 234 338 753 455 114
449 443 96 435 910 409 95 113 121 499 618 33 148 779 376 908 81 924
450 531 1023 533 333 804 111 369 257 201 202 1025 193 542 862 191 247 198 208 183 1049 867 80 1042 529 279 58 740
451 532 791 786 682 715 586 296 86 140 419 98 789 343 693
452 393 1096 83 789 695 219 735 327 900 1042 950 956 200 855
453 729 368 287 620 847 1043 511 378 762 1046 1139 278 928 276
454 359 405 401 958 918 492 700 751 1016 1092 1023 213 282 472 409 92 193 208 284 391 793
455 21 62 370 586 228 310 389 592 532 72 116 2 591 755 355 171 794 469 537 877 927 522 201 840 41 720 925 812 724 926 176 928
456 595 787 427 593 345 927 125 469 587 1019 930 439
457 21 27 23 11 690 431 336 528 941 162 396 717 9 20 895 28 230 41 31 518 319 1060
458 994 992 73 357 75 194 799 1013 835 102
459 103 620 50 1079 1003 1001 102 1061 1119 455 113 843 296 494 656 1097 1118 1076
460 624 408 842 820 930 163 869 164 617 696 422 772 191
461 187 1028 52 1055 1058 837 298 292 591 496 481 182 870 564 843 805 155 470 715 1068 113 309 782 701 534
462 1090 342 818 269 349 761 851 677 624 604 763 543 764 939 351 848 762 813 679 626 65
463 51 516 24 53 56 135 323 942 1027 459 486 308 324 637 398 116 500 315 866 19 626 761 1090 851 677 1136 512 543 679 9 405
464 83 301 369 247 227 922 793 466 609 10 25 319 541 831 886 895 955 545 328 74 61
465 756 83 983 456 300 75 631 1059 221 227 639 466 8
466 180 905 454 108 883 15 102 109 552 813 1044 275 740 139 336 330 700 1040 836 1043 753 1045 884 393
467 1024 358 734 579 758 957 127 751 802 300
468 486 792 674 1086 509 727 891 905 61 20 551 484
469 104 565 57 125 106 753 48 120 115 101 363 964 473 122 109 130 114 88 127 113 111 267 90 133 716 123 95 436 1085 470 654 499 368 747 503 446 809 377 512 590
470 150 732 1011 445 271 435 439 410 855 976 206 998 750 984 814 836 348 628 340 534 902
471 673 627 58 241 238 830 880 486 690 740 1042 505 378 353 882 157 72 61 3 114 517
472 391 347 597 550 937 899 592 318 188 935 533 201 589 120 392 778 173 365 279 111 161 281 553 43 591 504 30 238 125 810 699 814 13 0 730 46 3 62 24 41 558 7
473 636 473 29 321 900 95 565 118 541 975 630 357 267 340 216 841 840 64 156 615 704 813 1139 988 1032
474 67 848 65 351 762 818 342 269 349 624 626 761 195 92 88 318 203 178 493 111
475 338 106 127 353 133 478 656 911 381 1043
476 541 319 886 484 970 448 300 611 1105 797 756 911 1099 1137
477 425 432 758 113 568 957 362 713 6 942 717 521 1152 639 898 424 227 624 76 999 243
478 120 836 354 440 598 869 118 695 23 1034 609 398 318 61
479 1085 192 631 219 80 58 45 226 792 231 68 391 512 235 243 877 747 251 412 915 530 229 535 505 1 431 61 337
480 711 211 438 133 715 877 223 22 426 330 881 332 440 66 444 985 492 391 49 925 751 191 1153 67
481 247 642 651 648 650 643 640 644 646 45 259 645 412 8 514 641 55 10 162 19 25 527 332 66 490
482 884 625 186 133 470 741 218 561 492 698 844 695 890 885 427 887 96 889 888 654 386 216 553
483 1098 102 174 549 784 516 637 341 672 40 1034 840 35 457 827 718 799 694 391 120 901 498 415 439 669 542
484 823 969 405 734 143 706 855 956 891 948 510 683 209 447 155
485 217 118 384 963 105 835 786 673 629 726 1000 475 608 91 185 1027 891
486 43 0 3 47 51 55 57 58 60 49 46 53 44 45 48 52 50 28 12 56
487 255 83 1033 980 602 961 93 902 759 38
488 493 532 116 346 998 1003 427 559 184 199 43 1088 590 890 873 546 780 766 617 1057 307 698 140 586
489 608 683 436 1134 972 918 1128 109 943 808 155 1140 519 737 140
490 724 504 725 721 687 84 318 92 32 723 67 195 178 468 201 111 681 75 36 334 260 224 642 549 640 643 80 284 279 391 722 251 238 168 46 528 352 62
491 269 281 384 382 383 381 380 387 385 388 386
492 372 476 813 1073 930 188 818 700 707 944 132 496 473 198 179 158 413
493 318 549 221 778 236 75 698 594 219 904 631 386 760 1035 681 638 249 261 381 229 690 680 743 816 388 726 265 81 591 391 13 1068 68 779 796 238
494 672 58 673 51 409 448 95 140 138 174 219 668 49 564 671 56 667 570 246 493 133 188 533 173 13 0 3 24 558 669 232 118 644 590
495 37 408 64 212 859 508 654 288 1013 424 1088 407
496 175 124 43 561 94 822 564 1126 587 919 506 1145 771 1092 869 699 780 598 972 419 110 808 86 570 1047 188 1020
497 627 628 623 625 445 630 567 356 629 603 447 563 342 349 624 626
498 1041 792 643 664 243 817 136 734 717 915 547 556
499 699 1107 1145 869 346 570 1073 1134 923 291 564 820 158 1072 774 1110 667 618 562 704 670 698
500 368 111 354 149 120 392 144 195 320 334 1050 640 221 115 82 372 1118 973 809 98 498 114 223 658 506 61 571 337 473 488 194 617 556 606 737 510 324 765 47
501 820 133 448 395 494 267 943 1007 31 272 270 61 1073 78 303 194 1122 415 418 114 399 973 862 85 77 281 498 368 877 346 771 873 233 799 47
502 705 281 121 1110 120 874 810 368 129 462 98 689 475 485 492
503 530 915 1064 13 994 11 16 0 61 5 168 717 19 528 895 62 47 1004 720 516 51 183 12 66 765 831 40 153
504 233 348 799 234 152 796 794 643 640 274 341 795 639 768 413 391 800 581 232 645 798 487 45 797 226 792
505 137 1000 1067 602 264 563 1088 102 755
506 554 809 772 330 753 133 494 9 84 107 909 307 110 311 876 43 15 56 308 865 315 495 510 750 476 230 47 665 649 59
507 102 683 806 809 801 709 805 661 808 519 737 743 117 744 802 807 663 804 803 194 75
508 773 565 118 1037 48 111 661 320 346 115 60 126 133 129 606 113 96 772 503 125 57 506 840 311 571 368 256 98 508 718 391 488 74 124 353 10 737 103 102 32 799 418
509 795 1042 807 45 403 24 926 453 692 324
510 594 354 591 1115 936 809 1142 258 593 345 1063 702 73 469 927 1066 1103 576
511 789 695 1130 316 311 286 548 392 553 533 825 282 250 1051 409 845 598 1139 1134 432 699 707 255 181 996
512 201 131 141 54 223 386 30 171 51 924 28 15 254 1098 899 346 773 704 540 846 168 1056 502 747 155 784 427 368 734 789 531
513 528 956 893 1074 59 846 323 765 1110 573 1108 463 515 552 163 222 1065 732
514 249 77 1143 206 705 184 199 638 781 395 498 365 636 771 346 569
515 1077 871 733 467 1026 168 169 336 844 867
516 30 683 99 1126 892 367 699 1134 91 502 309 428 1074 335 1076 296 266 689 98 959 119 957 1014 320 553
517 700 696 125 669 311 386 974 781 671 855 672 150 975
518 586 526 843 993 979 986 739 787 1131 564 662 288 570 598 1097 126 1128 808 441 698 743 335 920 538 969 189 286 78 961 975 1148 151 1117 1108 592
519 293 585 42 455 298 618 346 813 335 822 689 695 503 343 1099 747
520 351 677 679 65 620 606 205 681 542 675 253 680 676 674 624 224 254 341 678
521 241 229 141 514 4 136 337 61 3 517 516 332 518 56 323 515
522 318 291 257 913 1025 631 193 732 501 1096 423 450 527 418 260 1092 1105 740 704 133 267 403 654 953 336 328
523 701 572 202 177 1049 1007 651 236 365 634 501 234
524 384 57 90 338 844 1124 1105 292 294 595 43 978 187 118 120 381 485 159 658 1028 806 731
525 43 68 22 808 67 1071 171 336 493 159 223 718 1105 558 191 535 114 113 575 98 392 179 637 108 792 1000 126 61 748 799 1035 96
526 338 296 552 265 890 989 120 427 512 476 434 406 1126
527 61 72 69 62 71 66 65 67 53 68 63 64 73
528 61 473 95 35 633 364 1106 1096 21 239 1064 412 1127 760 466 222 1040 230 781 667 570 696 614 745
529 919 288 419 1101 506 918 148 699 822 1097 519 525 307 335 802 316 266 553 84
530 925 838 635 392 836 1097 611 531 756 75
531 414 411 410 33 407 408 113 409 290 240 284 413 412
532 470 368 40 685 39 985 622 1111 625 542
533 597 429 817 329 637 654 137 103 1134 1132 364 357 430 363 441 926 490 282 734 692 66 119 802 676 606 40 227 168 111 1095 120 458 145 489 330 285
534 533 589 592 935 318 573 57 201 877 537 748 173 295 314 84 649 308 778 43 478 555 293
535 1033 1093 168 174 882 435 928 380 122 899 525 564 1152 15 590 248 201 361 615 858 650 354 904 399 852 1104 848 414 215
536 176 833 890 897 999 108 455 331 652 849 847 1076 461 545 467 256 824 338 217 981 396 1151
537 536 681 201 75 193 200 192 247 980 173 1034 334 221 209 228 778 1095 242 246 236 650 344 501 234 233 796 70 794 643 644 274 341
538 1025 185 208 1049 486 221 254 374 778 1095 718 242 1021 219 650 237 152 284 348 70 643 464 800 797 68
539 71 791 722 330 69 901 804 541 822 886 1040 788 275 282
540 1096 822 716 454 152 926 27 472 1 830 639 286
541 113 211 389 597 980 391 154 120 807 111 784 569 1030 628 715 426 858 97 505 178 301 380 61
542 630 686 598 419 808 666 932 1048 534 438 250 700 548 150 216 83 758 200 166
543 154 871 361 268 191 41 914 849 946 131 144 901 850 934 125 775 15 78 163 10 953 114
544 449 1086 115 660 148 666 618 366 933 979 42 350 698 1074 1076 684 622 742 343 97 586 188 1030 534 416 392 854 423
545 292 586 843 1071 598 107 933 743 1074 266 657 957 749 392 685 1117 204 863 1036 1045
546 544 358 712 440 747 212 1002 37 835 131 753 122 925 118 149 1001 713 444 121 144 819
547 285 780 873 726 506 103 503 602 211 658 599 140 580 1057
548 252 632 1011 1021 620 246 261 249 718 638 1000 651 365 228 650 479 1095 922 219 935 1007
549 114 276 30 46 1122 1143 206 584 689 146 581 578 353 1068 800 24 779 725 617 284 776 659 365 4 667 313 1038 575 445 590 316 126
550 1095 219 284 168 7 47 573 74 868 834 154 331 940 518 459 515 28 580 457
551 85 1040 974 953 74 239 840 84 464 881 127 652 370 569 26 579 36
552 415 666 955 254 24 765 31 13 56 15 790 694 174 341 60 514 799 230 760 542 674 904 114 236 883 501 62 1045 707 263 63 231 1020 258 188
553 1029 102 248 187 298 287 207 562 1124 146
554 268 549 481 198 507 1035 539 675 1036 181 664 850 980 196 486 80 924 795
555 849 309 248 752 774 923 386 474 307 703 957 43 669 952 618 583 748 57 1148 975 298 574
556 1019 1061 473 951 607 436 537 519 101 654 218 822 1141 932 383 270 873 387 465
557 102 1085 303 1082 866 1094 88 865 194 247 253 252 632 227 221 1049 1027 642 676 1147 718 1007 651 501 274
558 358 770 163 479 376 615 1089 989 1069 106 470 186 401 616 510 1016
559 1031 443 726 808 667 818 882 869 949 743 137 342 1050 1048 739 706 65 825
560 322 860 1079 1105 382 706 723 208 906 821 844 650 202 349 626 761 851 679 939 575 67
561 402 296 775 662 290 103 693 958 119
562 652 10 734 966 326 616 986 66 621 471 178 491 867 1117 1067
563 134 732 36 260 494 1086 203 739 428
564 146 884 427 30 919 813 418 1050 126 1091 38
565 105 1024 353 673 572 1133 101 102 362 290 660 1048 749 958 310 724 1012 320 1103 824 424 865 803 676 227 209 1007
566 1052 411 473 860 281 309 944 492 363 1149 368 115 112 1070 358 127 506 37 992 500
567 445 936 546 179 838 587 1115 89 590
568 23 597 118 772 109 476 1000 102 368 809 377 612 511 281 66 498 507 320 427 492 77 501 485 1125 1069 266 391 119 277 354
569 688 433 557 1030 1000 39 885 388 1109 726 658 101 118 380 462 372 743
570 27 535 147 553 200 578 196 659 208 466 157 609 337 61 26 641 18 174 7 372 517 17 46 747
571 981 979 767 983 560 984 203 202 260 980 173 261 389 236 982 344 768 455 341 659 645 814 793 877 514 223 805 956 901
572 656 368 181 792 670 92 113 499 692 1082 911 438 831 281 202 241 924 175 914 288 1108
573 297 109 943 933 705 335 97 951 1013 188 420 312 534 1116 1048 706 574 1014 749 663 523
574 78 240 5 1040 1039 420 74 61 145 105 20 71 894 475 453 925 113 605
575 97 1135 825 1119 804 456 300 75 938 253
576 568 132 313 267 154 200 114 655 584 579 325 915 652 275 439 605 1027 703 64 194 495 1124 1009 99 102 178 663 792 924 850 535 420
577 20 17 527 172 7 396 337 10 18 0 19 970 1004 304 136 881 878 157 6 14 596 12 458 56 518 66 940
578 22 114 883 180 654 20 360 453 712 27 966 999 630 814 699 969 154 895 438 37 866 418 93
579 165 930 43 1103 187 688 38 564 845 587 185 1094 1102 173 524 640 706 391 108 800 878
580 172 54 931 284 331 897 43 249 516 250 1004 1096 453 29 44 28 853 831 975
581 338 49 129 726 810 121 522 477 144 654 1028 1118 1111 48 715 270 964
582 807 1154 951 689 1140 993 684 441 288 709
583 1016 459 73 522 102 356 614 903 549 492 618 934 741 941 912 366 189 147
584 310 868 437 969 553 758 964 850 886 324 866
585 349 604 677 351 939 848 764 818 281 342 340 269 624 626 761 1090 851 871 868 297 987
586 425 678 318 759 675 283 646 797 1106 16 896 72 596 527
587 208 52 501 342 935 634 232 793 65 633 13 11 4 336 330 174 901 46 9 172 521 879 62 586 470 28 109 404 24 53 942 127 135 57 382 306
588 961 320 422 150 151 262 417 308 746 553 725 533 864 904 1085 282 1045 981 409 812 680 334
589 436 921 82 656 470 836 731 657 567 99 146 418 434 43 489
590 223 233 177 558 49 258 60 295 365 131 385 58 52 575 334 57 671 537 430 777 508 440 192 279 23 698 372 667 889 1020 184 927
591 1062 873 593 345 1063 936 469 971 439 927 823 911 594 1066 1019
592 1140 500 501 1011 30 976 85 349 283 274 646 413 92 178 1120
593 652 127 569 943 770 820 827 200 448 593 1066 471 748 308 540 615 141 528 65 468 941 1138 575 445
594 539 718 648 650 365 214 80 640 357 798 797 793 509 235 244 711 614 514 535 881 16 22 3 7 46 352 55 551 28 51 135 1060
595 744 52 455 258 1020 438 534 574 1038 1014
596 1145 1075 140 434 115 686 957 277 885 1061 290 228 418 86 168 223 20 9 1004 752 1028
597 645 881 172 259 696 53 717 1049 515 598 556 354 541 40 491 1082 352
598 856 130 719 1016 139 652 1023 619 128 524
599 1101 1142 107 1128 698 689 806 343 693 1014 310 392 714 142 504 84 804 302 176 539 632 1027
600 470 624 587 397 761 1019 576 916 130 473 626 493 543 1058 560 358 770 485 375 930 584 176 550 483
601 188 654 146 57 505 470 221 1139 1039 643 1060 215 815 64 427 125 1083 595 298 1080 105 508
602 882 287 207 623 1087 199 960 141 229 777 13 841 641 46 630 187 839 677 528 1143 627 319
603 1031 1138 895 407 935 279 778 531 269 374 939
604 92 426 305 756 84 424 1135 1023 685 803 482 315 548 392 78 654 753 652 119 958 128 1122 742 203 801
605 125 498 909 75 66 427 840 264 899 1098 521 154 7 84 877 115 15 817 772 717 311 11 104 233 43 508 179 504 308 492 439 1069 642 701 231 421 97 110
606 778 1005 1007 240 306 982 763 808 817 726 35 753 1003 346 343 325 562 198 131 1004 900 1006
607 704 562 605 496 595 564 402 599 389 140 699 309 307 698 705 98 97 695 188 701 416 706 697 170 65 574 703 421 702 119 534 700
608 201 486 1147 707 185 539 209 1034 227 996 102 109 282 816 924 1039 583 198 973 772 1049 507 247 1021 476 835 308 80 718 650 246 638
609 430 409 747 338 1083 175 950 473 903 828 1113 490 61 997
610 634 799 982 938 651 757 718 796 365 247 70 648 1035 214 642 486 208 227 501 254 676 219 233 260 370 348 639
611 355 276 388 526 605 50 1028 580 1139 705 882 968 493 746 32 438
612 119 632 325 902 465 817 315 276 22 357 111 915 142 998 825 575 433 203 728 807 5 10 519
613 451 377 764 936 1063 1070 1062 483 1058 582 916
614 61 168 174 51 516 24 12 31 937 1060 815 63 765
615 945 1049 256 578 1106 500 424 353 227
616 298 103 873 561 499 815 775 401 753 106 1002 367 313
617 579 613 176 169 410 870 820 494 733 715
618 470 471 473 479 95 478 121 480 481 472 476 477 475
619 658 953 86 941 804 535 320 178 718 267 654 392 108 89 82 646 32 221 737 439 106 353 1091 494 702 66 396 277 41 539 799 330 237 520 634 85 61 280 11 749 486
620 402 507 390 426 1121 194 301 111 466 336
621 845 1142 108 1116 1154 65 749 128 189 960 289 977 197 150 663 824 84 325 220 317
622 910 903 409 908 902 875 887 905 843 904 911 112 906 909 816 178 304 412 251 880 141 22 430 907 830 425 687 8
623 1018 549 995 812 1045 924 268 849 67 906 111 913 707 181 36 202 379 208
624 356 455 608 721 709 1050 607 932 693 960 969 277 824 178 67 221
625 451 344 876 670 867 118 676 268 9 352 722 108 775 32 397 481 249 412 210 183 244 107 953 539 410 114
626 174 768 707 475 75 429 335 434 323 227 280 271 514 632 716 817 301 742 567
627 150 915 134 412 912 464 913 850 579 655 330 176 887 540 148 143 894 14 914 169 849 409 891 439
628 201 592 188 365 318 172 62 13 238 24 46 200 528 141 162 284 92 955 221 987 61 230 152 1144 526 670 481 775 812 645 287 541 1153 43 596 391 183 975 219 516
629 204 1065 378 1018 767 906 995 67 195 757 758 181 707 691 536 36 205 75 193 196 862 681 260 1059 252 718 254 778 1021 224 1095
630 124 43 127 1098 120 476 265 488 777 658 618 159 272
631 734 189 671 368 855 548 952 197 1108 320 504 1065 1144 308 861 1143 553 863 1135 531 32 1023 678 725 333 745 864 424
632 600 433 294 686 789 884 115 828 840 189 1136 315 837
633 851 685 677 543 301 679 194 763 764 939 379 848 351 30 938 751
634 971 353 492 616 99 502 660 81 548 67
635 74 193 355 267 152 358 349 348 407 972 494 882 440 1127 49 824 699 1125 684
636 1062 628 591 826 140 342 276 589 677 532 764 848 1107 506 400 316 781 526 110 452 769
637 408 762 436 353 113 418 264 444 616 818 342 269 349 624
638 223 956 4 136 61 891 162 429 1004 53 942 853 332 900 1060 29 322 74 545 328 832
639 343 342 349 351 355 340 339 341 30 333 344 52 350 352 335 337 167 338 353 143 148 115 60 345 346 354 281 356 348 336 334 316
640 1121 205 867 183 430 221 219 648 851 80 929 394 429 942
641 762 766 888 835 1052 629 753 522 610 367
642 637 171 673 493 452 786 598 186 258 30 346 354 773 787 774 604 617 576 670 626 133
643 225 1000 433 538 493 60 440 764 824 312 1067 47
644 592 1144 446 286 743 320 548 388 726 378 861 1143 657 710 417 1036 1117 308 863
645 1073 529 841 178 936 535 729 585 363 528 378 240 710 581 1125
646 600 744 306 39 72 804 791 88 482 67 65 808 346 773 426 64 315 1135 824 866 277 271 1003
647 984 499 658 977 746 348 225 21 517 1006
648 694 392 941 111 197 74 599 685 824 663 1121 109 1019 672 1057 115 48 265 582 372 102 718 75 845 835 532 475 97 566 792 503 1058
649 625 400 102 125 608 709 126 666 748 743 618 117 462 188 695 589 502 416 438
650 513 39 497 943 945 944 190 120 462 714 461 864 946
651 234 284 796 152 794 501 640 644 768 80 639 341 109 659 391 800 581 232 487 798 793 225 722 68 235 817 578 877 238 251 530 915
652 830 976 652 902 664 525 768 225 243 200 639 1028 133 1078 120 175 661 336
653 918 98 268 723 257 423 208 642 646 792 922 33 161 817 889 505 136 162 881 305 494 133
654 1128 805 854 1135 1036 38 863 1082 482 1121 760 237 10 926
655 1142 564 362 801 843 1073 296 1136 290 116 346 526 627 662 258 182 715 771 783 869 432 49 131 385 52 218 780 329 686 972 822
656 757 88 348 1112 391 687 545 194 866
657 884 1105 728 562 43 586 1145 666 188 538 548 1012 902
658 170 703 695 98 1130 316 1048 589 312 701 534 420 416
659 43 307 308 311 508 780 107 179 884 537 748 1003 57 314 165 345 594 593 875 1140 804
660 876 353 553 637 334 412 200 318 267 325 141 733 847 428 301 131 775 382 338 165 814 552 559
661 617 505 221 1014 619 752 707 435 436 381 1132 788 260 554 190 1043 831 1031 413 557 741 17 441 704 74 726 261 706 776 1068
662 493 565 682 928 1029 408 839 785 1123 601 244 1003 1079 869 284 775 598 320
663 817 70 219 197 98 891 72 37 229 234 222 68 25 898 895 926 489 831 358 126
664 455 1105 149 1030 440 161 392 551 886 883 222 113 43 565 766
665 750 248 813 102 806 1112 82 713 294 99 118 270 124 1105 737 91 519 98 266 438 958 635
666 800 653 798 792 722 578 245 880 136 0 956 3 527 895 926 736 63 954 541 554 955
667 505 14 602 427 178 277 274 1128 1023 116 279 54 1098 569 1016 760 328 48 574 325 1099
668 276 283 274 125 271 282 281 279 272 284 114 266 90 275 209 268 277 264 120 285 265 105 267 270 280 176
669 695 703 589 959 534 686 945 574 957 702 421 962 958 779 960 669 392 961
670 450 1093 293 443 43 481 520 380 95 398 402 506
671 1035 95 3 177 900 0 46 1078 201 812 261 61 391 617 498 350 212 988 1081 897 757 1080 272 399 376 518 575 818 269
672 12 894 1086 31 56 954 59 965 315 11 443 64 955 513 303 1 1060 224 1147
673 619 427 1054 754 621 920 652 787 591 1153
674 259 807 538 225 929 17 798 799 174 182 70 485 525 901 55 528 162 1100 429 51 720
675 329 819 978 809 449 726 572 603 264 447 774 355 1030 115
676 538 593 177 194 300 346 242 134 161 238 578 141 3 43 959 571 1003 655 704 856 24
677 744 780 361 742 890 43 752 802 769 266
678 715 375 105 962 504 84 38 904 935 1018 995 257 228 644 279
679 470 1123 913 181 938 707 36 680 627 334
680 732 708 27 376 815 706 159 428 1104 372 883 404 568 811 850 160 105 1062 758 1051 223 854 1093 218 625 154 1032
681 861 653 2 1060 990 1053 278 45 61 1081
682 1142 1107 729 1131 856 686 661 805 1123 785 621 1154
683 230 41 332 368 392 586 92 571 889 789 561 13 873 470 728 310 161 834 438 174 716 699 49 746 814 457 948 435 60 554 897 616 825 882
684 130 368 61 17 336 941 891 717 501 330 105
685 829 210 992 864 476 183 432 799 796 542 873 501 1042 1041 130 225 1032 195 26 857 160
686 190 850 446 846 401 847 854 849 853 63 852 53 171 457 47 855 536 386 459 842 631 590 33 245 564 115 269 851 848
687 711 695 143 442 127 320 606 96 95 756 473 383 944 137 290 470 133 368 734 129 917 312 225 975 231 439 39 565 20 10 19 25 172 9
688 133 221 227 224 228 219 246 242 236 214 237 234 152 240 80 233 171 58 232 226 225 220 244 231 235 161 243 245 238 239 230 229
689 147 418 525 471 875 652 506 873 586 874 115 343 749
690 748 508 179 307 780 308 311 385 52 564 565 522 39 658 475 105 575 1057 686 252 960 231 600 1027 115 1017 168 588 132 671 553 909
691 69 1118 969 329 355 1009 133 325 571 1117 726 619 96 104 106 127 132 586 89 447 1080 353 435 387 285 267 146
692 64 354 672 20 222 3 453 822 501 665 1040 148 225 877 572 425 203 79 1060 897 331 530 41 13 46 326 32
693 679 761 626 851 621 407 911 342 269 34 1094 349
694 1042 799 674 70 640 275 795 234 114 646 644 166 643 575 413 445 590 279 341 357 58 581 529 220 645 798 487 800 793
695 362 608 808 1050 802 392 884 995 253
696 73 30 333 436 815 934 930 382 860 857 623 990 159 845 1034
697 456 1073 983 282 734 732 1072 1041 818 244
698 292 715 402 140 782 705 450 1123 124 531 185
699 593 936 927 345 1063 57 469 594 1066 1143 182 43 177 179 909 295 308 508 748
700 358 525 187 455 619 165 652 818 262 342 624 626 315 533 745 67
701 11 694 104 1083 1105 829 414 510 64 357 211 127 109 503 114 10 96 442 221 315 537 504 637 47 488 256 122 68 807 719 360 32
702 854 370 341 274 211 618 560 1114 1105 448 676 771 975 3 238 490 365 372 346 267 778 1040 318 974 840 389 30 61 255 11 162 510 718 133 156
703 43 20 10 532 19 221 245 9 372 138 528 537 424 140 153 331 531 529 417 156 188 536 533 530 535 23 534 173
704 579 379 221 268 373 658 101 641 130 621 930 176 1028 1040 147 541 974 695 96 137 121 442
705 375 1070 280 544 140 629 95 989 57 748 338 743 860 1126 281 366 519 265 363 446 90 726 978 183 81 261 1021
706 424 300 634 114 1106 466 27 31 282
707 802 703 959 534 438 945 339 392 289 663 592 523 1036 904 92 759 76 967 196 1059 252 1027 632
708 608 64 828 1094 802 497 873 89 1003 569 1052 147 635 216 480
709 832 75 904 902 536 236 1061 493 1004 140 698 586 82 935 68 752 149 726 528 167 302 1122 939 118 137 451 848 775 247 481 480 144 485
710 442 535 150 193 379 726 821 1087 473 788 178 340 95 111 489 490 69 695 259 710 953 624
711 870 673 1141 697 671 311 548 971 523 504 262
712 261 501 284 245 535 337 891 926 71 288 324 647 827 326
713 37 358 720 996 591 19 736 477 1091 366 747 1141 1069
714 813 43 630 973 793 109 270 145 1034 167 15 308 571 110
715 164 95 1010 256 1132 144 688 499 1018
716 906 995 92 301 816 456 983 76 203 759 195 111 865 996 201 202
717 188 533 935 589 592 201 173 778 365 223 318 238 0 1004 493 46 57 537 748 43 777 508 516 314 307 916 772 24 633 667 570 12 696 844 1152 937 745 246 31 1098 40
718 338 106 92 565 60 48 115 89 267 118 654 493 658 103 90 575 860 273 773 470 368 129 903 201 318 173 778 133 499 718 745 43 246 365 179 295 360 307 747 504 341
719 170 473 95 889 133 568 471 625 839 420 188 1048 316 589 1154
720 493 125 100 606 149 774 144 1030 570 140 698 350 1020 589 538
721 451 624 630 342 917 295 33 889 262 655 540 148 315 430 180 912 572 387 588 916 497
722 440 766 269 342 624 761 677 763 679 543 764 250 767 58 639 81 762 67 68 768 208
723 924 412 514 505 652 1023 609 668 901 150 143 352 655 51 127 720 467 736 550 954 926
724 1067 273 598 140 131 654 436 774 658 440 726 104 704 586 972 98 548 592 697 126 446 333 392 201 84 113 634 793 161 279 200 505
725 934 546 512 579 1016 1079 910 348 549
726 859 337 19 46 396 817 301 942 489 886 734 744 370 75 934 1122 170 957 68 741
727 567 963 408 329 1024 844 870 149 388 207 1099 124 843 839 1136 918
728 278 399 546 427 1053 875 1039 481 439 575 493 340
729 448 531 546 586 534 452 598 708 620 42 451 670 334 195 1015 557 889 1004 690
730 508 138 120 494 1043 39 445 900 637 96 61 115 195 40 708 179 1030 788 1122 411 428 107 1121 1003 753 1113 723 112 108 1138 1080 511
731 348 649 516 871 811 868 276 131 615 588 853 508 2 138 329 705 665 176 470 997 308 318 13 32 3 125 311 1143 782 168 289 575
732 506 857 586 292 119 706 743 1103 597 1148 630 1085 389 281 714 123 697 320 378 354 209 152 946 341 161 231 251 799
733 859 437 342 857 856 753 597 165 860 90 497 858 176 269
734 524 838 1055 447 463 870 99 1109 1076 316 706 977 32 85 227 257 114 232
735 833 517 815 61 162 62 352 54 40 327 674
736 935 203 255 542 75 1025 260 793 578 509 3 338 840 596
737 1147 88 1043 275 284 253 817 285 908 147 1118 1086 674 330
738 794 581 914 45 215 701 877 777 880 1064 469 23 310 347 168 47 523 12 550
739 462 316 1047 402 919 218 769 695 959 1020 947 1048 312 416 697 250 958 1046 693 93 310 652 189 635 669 977 781 672 78
740 330 70 317 318 319 51 9 58 326 168 97 327 329 331 332 5 126 49 322 323 324 321 52 302 235
741 996 1103 223 679 716 1149 597 377 848 588 890
742 137 99 159 686 608 1132 716 1013 316 433 990 754 856 119 1139 1113 567 772 506 1146 92 102 552 809 147 658
743 75 680 334 171 536 1121 208 191 760 257 196 36 681 996 201 202 206
744 43 979 1015 309 858 316 189 935 92 757
745 748 777 775 559 481 671 776 350 431 779 49 783 574 452 287 645 526 782 784 774 188 778 589 173 592 659 205 60 279 46 528 314 780 555 179 781 308
746 975 310 392 790 286 1148 1010 311 189 724 216 960 696 969 977 671 78 296 289 548 779 962 961
747 418 82 102 400 116 986 1131 496 43 608
748 177 909 550 516 508 877 317 555 314 347 780 57 748 308 1098 3 125 573 1019 1034 899 43 179 777 307 192
749 330 435 759 118 52 6 314 431 22 498 699 1127 879 638 29 87 627 1009 991 1069 832 1124 963
750 921 267 1030 455 979 699 686 570 432 519 37 1128 73 215 805 42 857 788 65
751 133 253 75 724 320 569 728 353 217 280
752 67 23 119 1070 677 788 43 777 649 730 944 1057 481 1089
753 868 433 843 1017 308 1122 805 52 633 555 780 625 43 912 872 12 59
754 1037 511 204 208 1036 200 409 685 994 896 793 61 881 332 127 458
755 896 403 155 676 969 66 664 264 970 332 881 967 10 135 692 737 138 484 968 689 942 549 675 244 488
756 521 556 694 263 1129 736 60 653 547 882
757 1007 710 147 1024 608 802 187 234 511 759 369
758 707 737 210 765 75 95 554 706 168 1151 417 1101 6 983 331 563 1042 242
759 358 1086 127 747 1087 1069 1088 552 212 992 100
760 139 1105 454 733 379 868 1056 146 813 460 1093 919 270 540 988 870 820
761 281 145 491 1020 125 1019 545 4 570 745 549 863 109 267 659 88 1004 402
762 585 184 131 504 586 593 445 590 177 182 595 203 395 452 125 587 596 594 589 592 204 293 588 415 160 169
763 66 375 113 932 271 712 930 754 436 399 857 694 284 929 366 934 501 341 613 933 71 174
764 466 500 330 237 196 994 1124 490 678 121 486 1074 760 63 822 1016
765 127 587 439 818 473 398 1014 703 392 548 635 189 671 580 339 672 663 783 422 77 1130 97 611 1129 57 308 277
766 663 671 78 415 669 855 311 977 262 216 724 592 1012 417 308 553 378 1044 84 866 38
767 597 288 476 943 1091 742 525 117 158 621 458 319 940
768 177 178 180 186 67 187 188 189 194 195 201 203 75 181 193 200 202 205 206 184 182 179 197 199 192 196 159 198 204 191
769 655 1062 783 140 624 730 766 775 33 146 1139 575 984 543 972 469 810 131 167 389 508 188 998 187
770 528 579 437 239 147 575 330 372 940 1042 368 337 82 749 535 405 362 44 439 674 255
771 295 115 187 293 218 298 52 287 292 291 294 211 82 99 296 290 288 297 119
772 105 418 579 121 102 358 985 813 499 1073 686 695 150
773 841 835 838 844 132 558 115 444 485 837 842 836 385 843 434 839 789 43 840 553 533 92 818
774 406 125 439 120 358 108 440 481 1149 710 130 22 788 100 381 49 579 127 698 541 492
775 353 354 829 820 710 48 139 463 1105 882 480 884 248 991 434 857 1073
776 374 632 1065 61 394 352 62 7 738 694 567 393
777 408 752 583 160 113 472 524 1024 384 1032 1087 704 726 444 149 432 109 525 21 494 124 391 75 279 956
778 49 815 350 118 599 81 909 267 127 588 705 473 983 96 715 470 666 103 748 57 304 1089 975 308 111 507 97 439 558 606 194 89 586 445 129 546 392 665 703 189
779 20 19 25 48 238 504 403 803 799 227 274 970 654 194 692 31 490 807 539 412 891 608 886 299 953 145 85 922 818 649 269 714
780 156 765 426 154 74 732 232 486 439 321 514 908 833 1041 547 793 790 209 834 404 1103 799 554 325 915 931 1044 501 10 458 609
781 1052 683 1112 82 288 1111 170 420 1091 1130 1116 706 689 64 630 315 807 611 588 253 301 999 718
782 84 1121 1049 676 227 221 501 80 646 800 232 279 792 220 793 225 68 578 633 229 827 337 352 484 402
783 213 530 74 852 673 732 132 647 410 486 331
784 249 2 701 57 794 1143 508 179 206 314 780 1064 116 581 748 12 555 937 52 49 59 781 199 184 347 1098 504
785 454 1151 1086 270 1132 1105 442 1109 82 94 806 470 721 288 1070 1071 892 661 1097 943 1050 666 42 335 744 920
786 22 967 545 953 606 1105 840 822 428 857 244 970 1040 802 446 872 320 828 597 108
787 8 429 111 931 490 1146 495 694 22 382 1132 412 121 907
788 991 400 843 587 212 917 1113 155 951 188 1116 189 277 548 611 687 1082
789 1140 912 81 995 67 111 1049 680 1147 228 292 609 1 7 901 69 989 895 527 47 226 853 135 327
790 266 219 413 650 324 1084 437 1030 765 22 1067 396
791 624 154 349 39 216 269 626 818 761 604 726 388 743 816 31 229 813 812 810 814 451 817 635 81 680 126 338 44 614 811 160 815 195 334
792 377 842 391 753 847 441 891 10 446 78 540
793 733 93 375 697 663 611 1144 850 261 254 718 228 778 1095 1021
794 1088 73 127 1094 654 887 579 621 159 133
795 387 558 485 137 381 353 267 443 521 601 802 56 849 345 593 343 928 576 1066 469 1019 594 125 927 57 748 179 588 771 1017
796 392 106 753 446 380 100 98 266 666 112 579 1079 1126 86 1050 377 150 801 884 39 455 921 661 597 1071 519 813 520 1085 90 118 565
797 888 149 1017 144 1065 180 905 981 159 691 732 862 1027
798 863 696 81 1072 67 563 731 723 1060 1120
799 193 965 650 674 854 223 770 501 41 861 558 712 592
800 681 178 318 189 195 75 1033 200 185 208 1049 334 632 228 982 284 640 80 283 639
801 411 835 512 991 697 689 142 286 687 1082 862 1083 231 712 594 502 211
802 468 368 1048 434 133 897 1044 460 831 619 502 506 338 103 267 575 473 353 147 499 565 446 637 825 343 843 75 1026 710 969 111 95
803 1015 982 226 454 428 124 26 542 422 188 352 209 218 592 62 201 536 900 211 838 812 908 3 13 79 479 245 1152 488 40 69 179
804 504 142 861 863 866 864 81 549 865 862 208 675 249 634 233 644 581 244 245
805 297 715 560 1135 533 1116 638 465 646 1039 938 790 962
806 645 538 586 566 549 579 725 376 901 287 36 460 498 779 205 415 295 659 983 188 1127 592 533 485 773
807 428 82 1009 889 493 1010 105 775 372 411 562 33 281 1008
808 592 262 204 417 277 308 1153 597 993 87 210 32 320 854 944 215 845 84 211 504 935 976 814 699 425 821 850 68 371 239 977 553
809 296 107 440 417 687 81 1018 1095 185 161 800 11 633 880 641
810 1031 984 583 752 280 595 1024 852 33 655 766 436 472 1009 625 427 764 978 964 772 131 597 602 218 402
811 1070 1081 482 1069 637 971 1109 907 34 654 666 126 1116
812 455 1104 526 991 839 389 782 117 743 802 1116 589 1038 188
813 1062 215 159 1026 1079 362 382 780 563 769 421
814 373 284 375 379 351 376 209 378 374
815 436 382 113 734 476 567 623 472 60 131 524 48
816 1028 378 1078 658 386 92 723 884 186 760 681 201 741 598 371 666 631 625 329 938 206 376 133 472 980 221 643 479 188 852 232 699
817 970 1100 549 1154 37 1086 813 80 454 883
818 274 228 275 798 232 1 230 294 579 887
819 933 1050 807 101 353 119 292 958 751 289 52 663 685 860 1108 210 498 678 302 1005 910 803 816 826 707 680 246 650
820 164 155 159 158 154 163 170 157 165 161 111 171 168 176 166 172 169 160 15 167 58 153 174 173
821 875 493 118 571 667 570 140 506 743 386 523 318 67 760 365 501 284 676 639 768 1018 436 535 893 547 528 517 901 4 765 453
822 120 925 819 106 524 435 1055 838 593 444 572 264 522 582 494 442 303 938 85 718 283 648
823 1076 1101 311 569 310 635 1117 592 863 193 166 326 573 1031 751 1072
824 597 1146 256 124 1003 731 715 598 943 808 822 1015 950 771 109 140 849 558 951
825 886 299 326 84 276 955 492 941 211
826 89 470 122 753 108 368 159 273 248 988 652 468 410 1136 264 254 803 315 255 707 234 412 505 717 136 941 521 614 674 317
827 535 378 862 629 268 442 752 118 72 948 838 222 1045 85 463
828 753 892 1130 682 272 1056 841 974 119 684 108 325 732 275 211 176 584 914 446
829 52 350 671 162 228 74 962 294 1153 55 340 355 591
830 125 775 696 598 92 1062 481 451 536 171 836 246
831 877 685 233 878 383 320 498 873 718 1085 565 47 1022 11 49 1034 564 671 350 521 508 311 780 199
832 7 910 674 968 461 895 71 372 85 1065
833 913 212 1137 167 565 844 974 242 1033 731 1121 200 173 185 255 1027 252 1147 1095 648 1049
834 299 926 635 467 404 970 1023 1154 1096 317 1100 403 922
835 1053 1000 176 122 753 892 1052 1113 439 1083 127 337 655 1054
836 1131 869 599 216 1121 194 195 111 865 758 203 996 75 201
837 921 683 455 335 315 178 194 234 80 244 61 337 495
838 470 691 758 202 75 193 191 1059 198 260 681 196 486 980 334 676 1034 1045 249 642 1147
839 293 591 587 308 685 944 632 57 1064 878 23 192 1098 649 1026 320 47 176 1077 647 81 30
840 132 1099 388 726 43 743 774 149 728 566 499 131 89 1028 122 382
841 216 603 585 1035 1105 357 618 812 279 58 659 631 760 814 263
842 629 916 936 1063 1094 927 345 356 522 106 812 397
843 216 211 210 213 194 113 208 178 218 207 215 209 212 214
844 29 501 852 42 60 730 219 760 1032 51 1071 221 837 188 125 57 808 65 322 201 778 365 13 74 832 237 1068 24 332 64 71
845 412 881 118 586 741 161 28 668 735 83 883 882 562 447
846 949 440 842 928 625 167 342 1067 1090 851 281 480 741 964 810 351 888 353 1137 852 113 841 265 1104 814 329 585
847 471 410 118 686 684 508 140 688 682 496 685 142 367 307 687 662 38 208 305 91
848 107 211 1092 379 1056 947 843 502 1093 343 102 1029 133 959 706 968 868 713 869 906
849 276 715 400 48 267 993 1073 346 839 1068 564 682 218 875 662 608 986 1072 1071 199 1075 699 776 207 709 869 661 782
850 526 561 557 102 43 217 566 368 565 291 492 360 346 562 406 567 560 558 293 559 129 49 563 564 446 258 113 402
851 817 307 77 753 318 271 412 876 15 266 596 330 1042 143 150 35 390 891 612 19 87 10 9 407 922 396 403 926
852 527 895 898 720 942 736 31 518 493 597 738 831 53 937 955 1084 949 153 74 491 883 649 735 501
853 328 296 69 339 422 484 741 278 973 136 611 1030 250 900 127
854 867 710 903 859 437 526 1069 541 168 145 934 986 37 1120
855 789 533 538 196 36 219 1095 634 711 1018 880 633 7 28 135 738
856 1000 1054 470 430 398 734 708 571 1053 384 476 524 1055 916 1052 845 837 884 101
857 477 975 61 358 405 753 381 377 612 519 98 359 294 822
858 213 951 872 634 665 251 878 61 893 331
