0 750 1106 610 694 689 457 416 747
1 520 775 202 606 233 509 525
2 156 96
3 1081 903 103 586 606 128 258 281 626 989 107 473
4 668 623 970 16 554 457 811 145 827 424 984 302 1082 1108 364 387
5 103 907 80 1035 291 758 1033 708 501 646
6 694 74 336 501 486 691 607 692 492 693 689 133 520 612 71
7 358 122 909 1091 73 1135 572
8 78 1006 401 565 282 220 394 392 131 694 992
9 881 364 208 967
10 455 473 568 629 294 30 39 590 558 1062 546 372 927 171
11 278 420 604 1054 858 712 342 176 212 890
12 740 446 715 324 491 656 405 404 953 145 860
13 154 647 461 328 74 324 556 545 24 18 22 1004 898 941 63 429 717 547 1006 831 886 10 20 61 9 834 51 53 47 336 792 1 515 135 27
14 397 401 389 99 393 257 399 392 391 370 394 395 403 85 404 96 406 343 396 84
15 822 188 49 972 258 552 1020 350 52 385 1133 386 671 564 908 698 1057 119 150 537 311 508 307 586
16 393 1028 268 879 1124 664 134 35 353 45 404 1032
17 192 388 1020 119 754 84 308 571 280 613 32
18 673 623 658 280 478 1119 160 786 433 105 990
19 1006 25 74 1010
20 501 931 876 415 211 364 992 1062 654 891 365 473 1098 613 690 840 1089 301 98 412 191 462 464 792 933 130 221
21 1023 538 657 662 408 870 1134 1048 1148 313 508 699 475 60 1068 48 116
22 712 398 529 267 1154 65 989 33 212 1150 815 808 439
23 152 134 149 144 148 145 151 131 118 135 142 137 124 139 147
24 287 144 435 1133 113 603 292
25 681 689 833 735 830 717
26 795 1122 606 65 743 641 25 709 67
27 281 379 133 966 450 446 775 619 884
28 501 982 246 1035 198 192 183 247 967 75 651 1025 191 200 196 208 1102
29 526 921 144 987 463 985 563 882 1111 115 50 1079
30 419 766 923 428 872 139 695 635 26 39 540 571 40 552 822 711
31 12 24 25 17 10 22 8 0 15 26 16 27 4 13 21 7 20 5 23
32 808 670 43 402 605 278 612
33 1135 863 965 216 1012 635 476 1031 610 97 548
34 1116 726 950 832 667 318 897 521 331 698 61 365 28 223 13 3 713
35 837 805 589 588 441 925 928 981 655 565 1053 526 699 808 118
36 935 183 1049 210 198 681 1005 325 196 193 1105 913 192 533 95 208 191
37 962 5 316 606 637 39 573 1095 438 51 1040 667 509 457 85 717 40 527 695 62 720 98 30 118
38 648 1088 917 185 747 978 430 437 358 1083
39 661 485 710 176 676 1070 84 463 552 364 978 634 150 476 109 87 506 565 354 195 320
40 362 660 652
41 1133 1085 1064 701 26 46 475 173
42 352 898 680 1095 378 38 193 562 745 422 822 725 542 635 1044 863 700
43 193 339 697 1092 821 608 618 742 250 950 320 689 180 422 824
44 114 456 466 464 461 454 458 455 467 465 457
45 68 797 283 1035 856 907 202 439 610 335 473 115 215 445 991 377 1089 1146
46 768 26 181 261 707 389 42 526 1153 592 960 671 350 333 933 849 669 1110 548 874 1103 386 782 534 779 365
47 144 1005 149 458 173 694 3 647 1004 941 24 44 332 901 1100 31 690 16 1118 111
48 633 209 93 808 874 787 902 1122 315 313 422
49 958 968 689 1074 116 1075 506 502 801 147 683 923 918 943 919 1101
50 99 687 565 619 1001 971 680 522 389 304 190 1039 375 1126 1000 427 539 548 642 742
51 401 562 1114 1026 763 755 248 329 914 543 842 939 460 118 841 604 439 171 115
52 288 849 811 734 280 368 272 584 320 318 176 698
53 661 455 1014 563 697 130 1038 313 486
54 807 689 503 744 414 266 120 565 753
55 1022 40 832 954 168 1004 17 3 609 51 327
56 216 422 140 947 709 923 158 441 1120 1001 1075 908 666 741 290
57 281 959 949 186 753 860 90
58 156 556 1065 1012 790 952 119 1084 65 250 1148 1154 697 727 392 124
59 243 1041 242 646 70 234 348 214 651 1007
60 674 989 1017 1003 479 544 338 102 859 591 101 129 125 395 109 52 507 82 272 785
61 94 38 765 898 744 608 816 75 418 61 52 1102 435 703 1101 281 205 1035
62 149 600 144 1012 686 815 811 182 1087 316 451 1055 351 696 683 109 392 548
63 856 595 360 397 718 421 122 113 277 571 1109 427 401 377 311 439 826 930 719 991 705 683 66 593 133
64 389 170 917 806 82 605 276 561 623 683 629
65 361 965 93 824 838 745 805 663 616 426 671 553 481
66 777 711 508 780 192 877 57 638 219 794 295 781 1098 184 182 311 701 179 1078 293
67 111 780 234 634 78 404 886 86 1111 350 508 714 1128 276 394 754 392 271
68 294 720 737 950 973 155 179 572 1060 192
69 201 318 117 745 663 696 1048 133 263 805 426 290 93 1085 702 721
70 387 800 605 418 294 65 740 816 888 46 607 564 454 517 723 538 896 49 825 767 730 535 267
71 352 162 52
72 799 611 424 803 685
73 816 218 862 100 16 136 630 747 285 762 1080
74 602 230 736 853 152 513 153 193 29 24 1040 488 684 418 1067 957 979
75 587 1112 863 1037 640 671 795 1024 932
76 436 638 814 472 435 104 673 762 351 478 105 838 113 844 118 682 132 295 654 89 427
77 353 1014 1035 10 527 611 682 305 1012 502 551 689 406 538
78 530 997 1087 49 204 1141
79 384 657 109 124 892 860 599 313
80 957 270 1083 307 477 660 126 101 133 401 107 211 743 96 1002 1146 856 358 475 463 500 102 654 770 112 522 989
81 61 42 154 3 554 60 684 743 261 703 599 570 880 669 365 699 730 316 50 1021 686 33 441 382 85 285 268
82 154 1115 110 815 156 473 1017 61 1098 1087 578 131 188 793 238 168 592 778 886 355 385 1084 249 365 64 53 1127 153 54 738 49 638 48 831 29 493 258
83 1071 1112 600 661
84 227 767 111 1023 631 1057 456 1049 958 798 663 821 15 251 188 308 697 192 32 67
85 570 296 1072 146 1107 605 50 1073 540 526 993 783 561 1109
86 899 692 319 324 940 18 394 53 336 942 453 717 61 403 931 25 19 898 458 20 71 891 527 521 941
87 499 538 861 875 216 910 196 962 752 155 842 592 86 109 357 157
88 1017 649 51 7 2 222 841 564 386 195 277 680 481 357 60 821 487 787 359 175 778 50 15 249 178
89 171 947 684 468 48 381 115 189 755 715
90 473 411 604 438 601 588 477 600 586 602 540 272 607 520 211 606
91 646 244 283 640 191 718 325 208 344 299 651 254 486 642 872 867 632 196 770 638 430 114 501
92 837 126 2 1103 237 11 535 561 23 708 578 994 1101 659 658 555 61 245 935 777 466 13 89 315 817 606 233 203 238
93 94 721 564 362 102 723 574 301 99 1080 683 1109 43 772 508
94 1016 343 406 577 367 346 265 773
95 1123
96 470 613 397 612 615 609 383 611
97 424 61 966 1091 587 121 1082 616 123 823 171 539 1122 176 427 180 683 770
98 760 75 178 409 905 976 180 426 263 306 315 84 32 1036 1082 553 830 88
99 1148 378 746 977 188 959 874 339 849 119 97 311
100 240 778 1064 581 9 220
101 1108 975 919 158 1131 843 116 1071
102 764 708 481 485 598 775 819 810 626 217 752 271 171 647 620 575
103 722 253 529 731 723 980 1034 665 255 306 300 179 938 75 1011 909
104 211 516 549 846 303 24 777 412 179 118 702 501 1017 508
105 207 442 52 139 838 588 1009 1133 248 385 503 544 1026
106 637 395 922 330 35 578 173 228 235 219 680 209 236 413 797 1140 674 1021 643 254 728 1035 227 244 1034 1095 386 58 659 341 491 246
107 892 606 120 137 73 734 476
108 1049 501 525 128 421 975 455 561 559 1076 188 772 87
109 44 601 647 719 715 155 147 1054
110 447 175 1089 475 1138 944 445 852 524 568 911 105 575
111 392 459 994 853 529 542 708 722 142 464 1096 817 133 226 229 245 809
112 972 846 560 39 508 540 847 584 987 1098 815 1017 569 273 439
113 497 862 477 662 390 500 704 276 555 383 721 114 421 256 794 848 308 357 877 731 126 1078 837 680 519
114 432 434 444 433 435 284 161 356 438 440 339 400 427 428 354 235 244 426 113 446 445
115 401 758 223 885 796 81 1004 583 313 23 99 382
116 895 433 28 394 551 10 174 641 1105 98 894 802 646 46 247 501 517 901 18 1071 827 55 758 105
117 1152 809 553 813 433 1037 755 778 149 1031 20 57 833 139 1138 617 455 266
118 272 85 411 1000 554 720 342
119 582 850 1100 459 404 545 324
120 504 372 29 126 507 473 509 512 501 505 112 377 502 503 125 395 308 129 498 338
121 189 814 921 290 739 158 985 919 1056 843 920 481
122 912 583 944 978 728 256 505 96 164 489 190
123 369 807 799 689 188 279 0 549 62 365 717 1080 318 533 173 46 628 320
124 58 341 274 370 646 464 357
125 469 594 593 576 1019 125 1066 572 748
126 715 815 993 932 608 39 1131 290
127 999 647 718 1095 173 956 8
128 272 248 727 1105 149 557 625 144 115 1061 748 988
129 953 846 457 63 344 246 200 191 263 203 910 325 227 638 183 201 864 282 1005 304 221 486
130 391 404 136 79 183 208 111 983 763 699 318 1083 67 1023 910 1020 756 705 723 848 543 448 108 1090 216 534 759 1005 392 677 579 48
131 712 393 31 458 324 601 977 306 534 126 960 976 441 149 411 6 793 888 978 454 90
132 1055 76 700 799 786 197 4 998 320 711 356 254 633 243 756 21 1021 400 486 737 372 642
133 42 1057 1140 598 979 972 918 705 389 564 402 666
134 867 1005 1088 348 694 545 94 1115 1053
135 1068 851 169 818 604 624 349 584 626 939 710 176 848
136 131 741 288 184 731 154 173 626 1009 868 506 0 778 1001 345
137 326 900 641 284 286 995 1007 962 795 879
138 634 709 50 292 94 726 963
139 576 1029 918 165 951 442 553 474 611 103 1002
140 846 905 253 907 214 1029 496 915 207
141 163 373 808 468 56 180 327 223 496 522 191 200 458 598 59 581 514 256 765 179
142 1017 459 823 21 66 1032 714 436
143 1037 374 846 193 234 963 609 486 879 925
144 900 53 535 947 229 981 760 536 1046 793 344 830 965 678 974 816 85
145 508 178 315 289 378 84 186 1005 103 96 329 308 278 906 471 102 1018 212 109 195 772 390 713 130 338 113
146 1039 752 1141 300 280 815 242 267 387
147 37 992 791 828 131 1067 212 430 499 552 1069 179 713 272 122
148 413 297 614 757 1023 529 862 1014 255 1147 487 445
149 938 50 247 710 665 1 326 775 811 497 977 997 614 864 960 385 718 134 817
150 22 1096 798 1127 867 1034 691 1147 254 1137 766 674 1101 797 422 261
151 1140 126 361 525 411 265 607 978 455 903 290 478 606 1008 107 96 619 1079 841 715 822 109 502
152 153 47 338 786 81 72 201 776 1022 909 570 3 168 152 333 15 533 725 187 223 1021 528 222 189 779 188 564 668 915 720 590 311 236
153 895 54 765 802 692 1095 931 35 898 737 19
154 74 1016 75 740 223 1029
155 402 130 1079 721 43
156 631 960 557 346
157 323 51 528 535 46 778 286 365 905 813 161 745 1023 793 339 48 219 318 722 435 851 327 131 284 538
158 238 638 651 304 866 205 549 486 1005 192 938 191 203 1035
159 236 664 1021 221 922 691 681 1024 492 1027 76 305 325 966 1028
160 413 208 585 723 842 858 1035
161 959 607 540 822 290 455 662 50 296 402 608 1136 743 91 1118
162 994 61 609 141 8 11 194 171 949 58 409 864 482 645 240 539 817 632 203 636 454 1025 1036 634 231 234 1027
163 308 780 508 1066 649 1063 591 748
164 92 179 586 595 30 510 295 815 182 580 812 184 592 293 672 748 140 516 1068 188 3 1021 935 201 205 61
165 200 925 1131 536 481 67 424 75 285 304 296 759 806 201 1122 265 195 121 558
166 75 205 100 362 122 424
167 885 1121 907 788 921 138 152 436 1124
168 506 410 987 849 1049 614 822 722
169 775 430 972 350 329 17 113 671 928 564 21 95 145 52 559 385 42 842 473 33 973 379 342 571 372
170 1046 977 1076 276 316 695 572 721 598 384 1028 389 553 39
171 321 631 676 1031 554 1038 513 50 646 209 625 473
172 1150 618 462 316 189 1105
173 316 309 307 310 311
174 866 1052 379 843 621 1120 1149 808 887 1092 460
175 1134 1055 248 207 602 402 440 698 888 146 534 918
176 419 522 309 553 307 1078 303 666 1109 838 305 780 367 684 1083 504
177 313 710 473 655 449 519 561 598
178 343 646 604 691 393 624 319 541 744 761 356 485
179 327 541 900 644 668 794 45 812 201 259 223 21 226 894 5 20 72 141 717 487 1021 156 646 53 2 251
180 1056 100 689 1084 118 234 151 898 968 732
181 1032 32 379 1031 730 636 281 800 890 700 734 852 383 1010 284 271 752
182 976 1084 979 722 758
183 499 1030 106 1045 277 382 694 401 245 752 154 137 1131 689
184 518 754
185 16 222 85 424 1036 303 663 976 426 685 1007
186 979 1099 568 974 1046 447 186 473 481 98 414 294 963 316 462 775 772
187 784 673 836 625 775 748 583 52 1055 604 131 837 1105 356 99 42 115 57 571 507 714 1061
188 1051 481 276 49 917 943 959 508 599 1057 182 808 307 311 960 586 164 43 444
189 458 429 895 422 958 352 336 46
190 423 1134 188 683 258 155 561 1047 119 1116 799 392 309 663 1014
191 161 964 377 702 607 466 93 469
192 816 501 294 409 234 644 225 164 942 730 452 1028 392 318 125 546 829
193 1049 686 921 1053
194 450 449 131 476 1058 868 871 619 713 470
195 563 428 113 476 447 1114 857 1119 130 734 270 532 971 121
196 583 1110 1072 1073 912 577 450 584 212 991 478 615 269 1090 624 677 939 705 496
197 576 560 1021 235 42 1150 75 917 481 824 410 1004 37 176 117 407
198 735 22 675 236 858 437 818 707 247 604 664 152 650
199 640 61 275 799 80 1034 85 778 221 539 370 227 680 718 397 249 219 501 1013 365 676 1027 1021
200 945 438 920 807 454 684 958
201 138 161 1045 977 1148 150 961 579 1065 582 112
202 592 461 49 145 898 897 6 692 893 331 25 174 814 896 453 899 323 467 895 69 136 900
203 59 505 67 296 699 1057
204 25 648 235 865 996 424
205 1000 973 1114 452 916 959 728 385 134 203 634 861 533 370 587 1004 195 784 66 817 553
206 1005 592 263 756 829
207 758 277 309 804 551
208 1151 418 400 1026 473 102 448 579 275 106 820
209 598 972 540 1112 985 602 139 806 1029 923 843 276 562 43 291 418 526 656
210 1058 897 46 1103 535 487 279 821 13 1148 485 514 702 198 49 1064 3 179 138 389 1026
211 332 690 429 72 4 11 484 717 641 136 27
212 960 404 882 653 799 1037 109
213 578 1099 85 1075 180 720 28 698 974 350 644 776 562
214 832 886 321 490 31 765 2 55 1004 16 157 222 517 51 26 4 162 18 5 23 174 136 896 690 953 17 154 7 74 0
215 987 1046
216 3 408 189 455 13 485 592 1023 686 847 180 870 304 745 195 354 778 445 269 1081 823
217 929 239 1129 37 719
218 663 724 1103 150 128 969 957 749 188 438 700 652 574 210 685 504 371
219 533 408 629 962 1026 849 1069 855 662 995 150 773 787
220 549 546 556
221 771 815 582 997 258 97 1115 598 312 935 546 631 156 131 972 483 591 586 748 60
222 729 764 851 433 603 820 267 269
223 206 784 680 196 980 1032 76 480 523 478 301 205 571
224 397 307 123 652 480 860 350 811 712 889 1132 338
225 309 1041 530 98 957 1130 695 277 675 193 1095 1011 432 571
226 1141 806 595 540 436 908 813 948 496 43 1053 146
227 505 85 552 750 289 1012
228 14 424 494 71 509 1098 320 343 503 302 235 795 928 317 61 817 267 221 102 1118 922 211 718 391
229 989 1108 108 787 943 826 360 34 150 1073 534 248 507
230 500 1071 885 475 1013 52 1062 524 39 548 125 737 1146 399 356 415
231 573 765 168 995 1 17 15 760 193 138 241 1018 711 865 816 1051 5 409
232 20 283 41 10
233 349 200 818 588 1103 316 468 30 149 460 564 144 1017 399 188 269 1025 57 748 385 575 493 176
234 117 307 445 377 73 661 597 744 442 107 890 401 372 106 618 360 358 502 126 544
235 728 318 442 744 1043 342 677 281 42 666 1050 968 434 948 1117 1139 946 695 714 769 1089 480 802 447 481 508
236 756 81 318 976 827 302 804 548 957 84 189 807 946 425 669 311 696 751 1135 320 702 592 1036 504 671 523 678 749 32 277
237 503 616 772
238 352 878 817 237 536 304 374
239 26 18 336 222 17 138 893 514 956 535 0 13 609 136 2 61 14 168
240 20 527 3 521 396 241 520 525 522
241 637 121 91 899 495 57 128 341 116 612 154 477 120 272 401 427
242 488 942 20 435 37 862 772 1119 571 1008 1013 99 858 840 401
243 578 58 711 659 92 128 252 194 760 111 195 812 906 205 334 1121 680 1035 32 1140 325 67 1095 236 79
244 256 63 954
245 491 970 1069 791 122 860 713 907 716
246 61 306 304 303 300 299 305 302 301
247 445 419 126 43 561 269 293 852 340 494 1114 683 602 582 620 713 171 478 1001 571 118 916 122 120
248 897 55 1015 668 347 765 189 162 848 222 1139 1102
249 737 1031 602 160 811 871 770 30 146 540 293 753 439 379 1026 133
250 101 128 91 107 104 60 121 92 93 109 119 125 112 124 123 130 108 116 122 120 126 115 98
251 610 549 1098 366 253 758 745 178 876 282 685 516 193 136
252 320 75 1050 817 702 343 1118 221 48
253 504 205 710 871 328 321 35 187 619 626
254 1045 993 38 9 486 63 435 1148 1038 344 1124 697 225
255 693 820 825 32 826 372 426 828 824 315 823 821 147 827 615
256 28 53 527 17 136 238 23 13 640 1102 58 138 279 659 157 412 498 915 61 363 391
257 220 9
258 768 1018 195 782 213 669 696 985 224 1149 168 65
259 30 590 102 382 481 595 13 0 935 57 372 198 533 764 3 848 473 578 1098 515 147 146 42 699 131 485 535
260 9 123 817 533 824 104 601 745 126 588 477 1026
261 1038 457 285 691 739 704 113 809 957 518 213 864 504 3 1005
262 458 879 7 403 238 178 18 239 877 234 711 878 35 17 241 61
263 636 213 861 261 19 638 674 151 142 1065 703 1051 189
264 432 686 699 199 908 993 290 1136 288 721 1101 1131 709 296 94 400
265 360 223 361 359 363 95 369 371 364 366 285 357 367 358
266 1103 241 824 141 313 140 1004 521
267 640 239 231 284 799 718 824 1129 866 280 67 202 186 249 48 315 1121 265
268 230 793 244 487 646 691 1021 812 302 790 983 178 999 325 252 193 79 1035 1051 356 85 754
269 381 1119 407 888 131 1120 176 912 401 444 623 565
270 1108 1145 250 1144 695 36 1117 1047 1077
271 227 689 438 119 276 1012 368 560
272 895 517 768 875 711
273 831 176 448 194 118 471 301 520 654 317 931 1115 716 280 29 74
274 802 702 972 258 443 801 890 1119 1131 566 1142 292 558 368 400 362 397 654 106
275 559 868 325 1104 729 958 176 96
276 1099 122 1009 75 609 971 1086 974 899 100
277 569 773 125 395 772 57 295 43 771 591 508 595 769 587 582
278 858 138 745 762 927 342 589 917 1077 1055 626 696 550 458 1124 510 115
279 453 404 85 832 145 473
280 1077 899 210 752 352 205 725 140 318 331 942 720 935 274 468 870 69 775 776 21 54 1078 345 486
281 478 925 677 939 407 667 575 1061 835 190 775 481 628 814 626
282 1017 622 820 193 450 710 1095 889 81 680 171 772 147
283 1130 686 768 959 1108 458 822 435
284 1142 84 325 995 579 1116 402
285 756 757 111 759 203 755 177 194
286 153 40 226 166 108 663 1038 1074 807 1103 307 1099 442 203 805 770
287 959 703 945 316 957 315 1066
288 431 638 211 547 635 637 632 223 634
289 960 635 969 569 310 696 1038 968 789 808 698 250 933 702 782 1047 1076 343 946 705 119 695 538
290 634 511 25 111 503 873 1084 649 267 1102 994 476 756 32 1040 427 87 76 380 1000 466 877 606 57
291 1143 210 553 289 131 960 705 586 432 1057 126 295 1050 997 808 402 189 277 375 311 660
292 619 343 826 807 477 1094 399 1083
293 980 1145 558 1099 731 408 1087 1053 766 606
294 706 353 947 416 933 1076 972 126 1128 98
295 231 1103 459 204 426 392 501 250 703 553 344 197
296 655 580 1133 131 258 783 811 987 1115 871 110 211 584 710 1026 820 212 559 295 107 215 350 1017 595 785 483 164 474
297 877 796 952 1035 1033 224 914 913 177 195 981 1034 379 1018
298 10 1 128 524 61 898 31 1082 958 157 655 1080 96 106
299 63 261 518 692 319 66
300 741 738 17 335 371 93 607 737 742 660 739 86 502 413 108 519
301 963 266 13 556 466 840 161 505 586 1008 324 46 1028 104 436 320 565 111 817 606 969 1118 264 82 658 338 103 41 96 238 575 778 234 113 267 356 1000
302 148 540 635 919 671 987 1148 861 415 146 504
303 430 96 37 121 1058 119 1118 747
304 736 735 733 444
305 982 664 1154 261 807 378 1143 746 1078 866 426 38 425 718 315 60
306 894 36 1012 148 526 696 812 678 958 483
307 202 708 28 10 1104 564 33 961 331 954 488 833 810 699 814 765 604 71 917 807 597 836 368 418 772
308 191 976 692 210 46 872 715 47 664 276 370 126 566 525 1061 886 717 357 916
309 641 171 610 834 42 933 520 269 511 335 903 518
310 901 585 983 1099 542 920 528 800 959 559 988
311 869 977 248 1071 1093 400 846 541
312 827 1006 957 539 969 231 441 751 694 882 1098 817 1091 65 689 303 1037 161 1116
313 1102 229 547 542 1106 141 878 16 29 221 80 505 874 357 230
314 619 352 653 361 657 656 652 575 376 163 152 98 655 138 654 371 493 85 60 405
315 600 158 313 911 868 820 714 468 462
316 11 994 642 369 203 999 304 283 227 67 8 691 824 221
317 575 770 582 1063 595 444 385 294 532 587 493 783 122 115 125 754 508
318 6 547 61 466 1 229 898 138 62 222 19
319 786 943 444 688 508 1134 590 218 1017 295 925 1133 852 52 772 1055 705 939 837 810 603 526 445 98 171 106
320 77 450 1094 284 988 820
321 436 717 711 716 713 719 197 714 120 718 512 552 87 470
322 1049 353 455 1112 1151 1009 661 272
323 652 386 669 286 781 969 700 962 289 907 724 1002 382
324 893 81 810 528 970 926 367 200 78 525 713
325 67 426 127 608 806 87 1103
326 580 57 347 1115
327 141 528 199 515 293 182 350 153 812 195 162 748 765 564 780 179 357 41 20 717 192 720 498 978 578 115 49 899 92
328 464 710 168 850 867 1096 915 211 134 146
329 541 325 542 74 545 426
330 79 76 87 82
331 509 940 702 320 865 504 54 206 605 942 1096 331 57 172 326
332 98 618 621 570 617
333 882 790 1002 821 61 1098 208 170 133 439 776 95 56 96 734 499 944 1003 773
334 189 1032 875 211 307 662 844 627 737 819 655
335 951 950 947 150 108 418
336 141 617 880 578 963 1066 1064 15 23 625 817 1136 238 469 235 202
337 1110 583 628 1056 728 1015 993 400 818 1109 480 843
338 282 424 84 421 343 415 119 416 422 150 128 418
339 508 1151 774 12 620
340 694 792 817 1014 244 999 93 960
341 427 840 963 1113 1114 338 860 582
342 767 867 650 846 822 561 864 810 271 888
343 355 442 764 1125 1120 848 354 756
344 629 1107 954 1055 48
345 1138 400 660 107 884
346 730 387 966 559 990 1070 163 788 176 754 1058 903 281
347 336 799 674 7 341 232 229 413 252
348 482 487 335 466 352 75 496 490 488 61 320 25 484 494 495 341 474 491 493 108 221 497 446
349 342 1090 525 453 28 646 1106 755 0 578 136 711 431 740 642 111
350 175 155 898 167 44 814 442 1103 800 779 1106 222 409 784 832 230 118 68
351 1143 1142 739 1071 1029 801 375 520 296 414 1113 721 1136
352 530 245 68 219 341 796 58 581 226 800 982 650 365 391 777 284 223
353 818 269 110 576 595 140 307 780 179 874 701 801 705 587 580 748 345 295 407 805
354 996 250 856 149 932 704 418 716 435 603 267 469 165 741 113 492 278 115 130 485
355 548 214 756 344 242 827 763 98 523 221 213 685
356 810 699 814 679 818 219 829 359 236 604 543 378 624 342 626 698 81 485 118 500 269
357 276 361 298 30 774 657 750 1048 109
358 871 387 468 579 815 127
359 39 42 36 34 31 41 35
360 37 455 60 368 375 377
361 387 1060 824 663 693 25 932 510 553 108 771 854 750 391 11 425
362 166 64 194 501
363 1006 26 3 17 24 61 51
364 137 505 862 193 821 817 1136 157 982 235 874 226 350 1043 294 810 775 303 1034 752 385 212 720 481 747 219 1001 23 564 78 473 772 114 575
365 1016 234 124 699 378 107 754 451 354 445 536 452 962 146 875 164 793 630 723 842 584 589 513 829 395 329 375 889 32 84 501 762
366 307 350 1039 917 37 1126 661 1119 783 294 564 43 686
367 513 1115 376 1043 1104 483 171 476 163 627 788 682 1125 948 617 193 381 944
368 740 1123 56 1093 846 1152 365 1104 373 340 1062 132 887 655
369 263 184 192 906 1143 233 341 203 717 221 179 573 427 11 154 845 550 68 67 591 787 899 308 966 1098 516 172 43 521 382 171 877 978 92 66
370 930 926 332 453 933 1121 615 277 946 879 758 824 221 6 1103 11 507 903 271 660 589 992 127 176 368
371 687 207 270 477 10
372 1036 830 193 32 1082 1044 303 371 202
373 331 655 888 944 790 733 871 545 830 9 271 46 957 1029 981 66 346 202 1034 511 200 245 189 152 82 552 1111 718 222 586 96 368
374 210 1067 854 430 197 112 470 104 860 809 753 96 57
375 745 750 49 743 311 655 77 744 147 749 751 308 98 747 752 180 84 122 753
376 649 541 62 4 817 18 157 41 897 793 53 953
377 1057 589 551 533 353 72 806 738 63 757 392 384 982 812 352 1005 80 76 663 152 180 744 711 718 74 633 958
378 689 456 729 241 33 1148
379 65 506 948 1111 1149 149 49 272 686 1137 750 572 102 297 859 801
380 75 881 68 646 373 758 487 1028 1128
381 817 418 1013 249 973 1080 701 1147 171 586 560 1000 1027 223 233 271 1062 553 492 84 295 587 966 685 85 61 356 126 882 267 748 105 324 103 591
382 172 527 995 534 708 984 577 686 741 372 479
383 442 755 443 144 843 561 434 146 919 1003 715 540 176 468 211 787 785 1124 346
384 19 321 895 781 152 410 760 1118 286 762 791 726 1075 661 314
385 875 445 1069 278 385 1113 201 778 295 510 77 179 785 90 823 1125 1114 443 473 485 446 753
386 908 608 1062 82 48 401
387 9 162 238 0 4 897 223 530 168 777 878 8 245 717 722 915
388 623 1062
389 677 542 871 987 850 1075 342 811 626 269 818 584 176 146 897 325
390 506 608 103 430 497 293 1026 402 561 296 295
391 666 577 786 483 567 655 265 476 1094
392 484 19 91 856 654
393 1093 1016 652 1073 150 727 867 549 1075
394 1008 780 263 672 899 46 516 527 873 248 832 1103 753 442 125 249 1017 233 281 384 118 566
395 872 869 868 867 173 316 140 162 36 769 821 571
396 511 831 567 166 956 830 488 681 32 277 368 442 658
397 570 467 552 258 573 179 576 578 584 583 571 574 569 582 267 575
398 712 1023 615 785 340 97 852 705 775 579 267 493
399 219 268 36 470 812 620 92 291
400 609 108 328 905 652 1011 883 1084 901 711 1137 83 716 827 98 96 949
401 331 879 917 1039 247 511 257 1136 313 308 120 978 714 1002 159 617 962
402 41 53 168 183 1033 45 375 304 195 282 152 749 816 864 906 702 318 206 697 209
403 707 708 479
404 374 465 707 248 438 933 50 1107 660 1099 264 935 716 386 565 726 837
405 44 461 254 166 234 551 10 102
406 991 970 612 993 990 37 654
407 1007 455 753 175 568 1035 221 1099 100 48 676 675 365 338 126 1147 1121 101 1027 1114 234
408 537 908 618 121 409 148 499 113 376 33 443
409 259 58 862 333 369 257 1042 1025 867 183 111 247 191
410 392 789 786 682 140 419 343 98 532 715
411 855 200 735 950 1096
412 214 276 928 378 762 368 620 842
413 479 294 62 532 755 116 592 794 370 469 2 586 171 840 925 591 522 724 72 389 720
414 345 427 439 787 593 587 936
415 541 834 832 1060 396 717 20 21 895 941 162 27 41 28 23 528 336 31
416 611 102 992 194 835 1013 799 73 75
417 408 1076 296 656 50 843 620 494 1097 1003 1118 1001 455 1061
418 58 191 696 772 820 869 617 624 422 408 164
419 422 942 701 1068 298 481 715 309 1058 837 113 292 52 1028 870 591 470
420 68 65 626 677 939 848 269 351 624 543 762 604 818 764 1090
421 123 405 9 679 626 53 324 116 308 398 851 866 315 19 1027 637 1090 24 761 942 56 459 500 1136 989
422 922 895
423 11 8 75 83 456
424 403 1045 1043 740 905 883 102
425 353 792 486 905 551 674 20 891 1086 509
426 502 612 311 1083 590 512 446 809 377 95 111 503 964 90 130 473 363 123 109 113 747 133 88 565 470 499 654 114 368 122 436 716 104 57 101 267 48 127
427 774 902 340 534 410 836 1011 855 439 732 976 348
428 833 32 3 72 830 353 241 627 882 740 1042 690 505 238 61 486
429 415 931 62 24 201 188 730 553 318 365 111 935 0 46 810 238 699 778 558 7 392 125 504 591 120
430 328 988 216 900 565 636 841 840 29 340 704 615 541 64 975 95
431 624 65 195 349 351 762 818 626 338 269 203 342 88
432 481 1043 353 127 381 911
433 690 410 1137 1099 1105 970 541 797 611 484
434 717 76 625 113 758 957 624
435 256 869
436 513 895 1 412 915 58 792 505 80 877 535 391 192 235 243 226 251 68 231 229 530 7 512 1085
437 864 191 711 440 925 715 492 223 22 49 751 438 426 211 391 1008
438 880 186 427 887 741 885 888 890 96 654
439 49 474 669 40 827 1098 840 457 516 174 1034 549 35 694 799 784 498 718 672 120 439 341
440 1127 949 447 209 969 405 855 734 706 510 143 948 956 683 891 823
441 337 1000 475 726 105 25
442 54 59 56 28 12 52 45 49 50 58 44 47 51 55 0 3 60
443 968 83 980 961 93 902 255
444 386 415 698 586 140 873 559 998 780 493 890 184 617 427 346 307 1088 199 546 1057 1003
445 307 737 109 608 1128 808 309
446 720 62 46 528 352 168 224 643 75 32 195 642 721 178 67 723 722 251 468 36 549 201 681 334 504 238 318 111 692 84 41 92 391
447 388 384 383 382 381
448 776 68 779 238 236 1035 75 388 681 549 1068 690 680 904 631 778 698 381 391 594 318
449 434 574 644 232 590 671 173 24 51 667 188 174 533 673 409 672 3 219 570 13 49 140 668 58 666 133 246 448 493
450 734 273 407 37 288 654
451 279 701 635 1047 188 1020 972 419 808 699 780 506 869 564 598 1126 86 1145 561 1092 175 919 110 43 587
452 624 626 567 630 349 623 445 483
453 849 667 1134 570 1072 820 618 562 158 564 291 1073 774 699 1107 1110 869
454 412 47 510 765 737 61 195 82 223 144 640 194 571 337 506 488 556 149 1050 98 324 498 473 126 115 372 368 1118 617 606
455 97 715 1133 578 873 47 820 395 418 498 133 399 281 270 1007 877 346 415 1073 85 973 771 862 303 448 31 233 194 114 272
456 534 485 281 475 874 462 98 810 689 121 492
457 720 741 16 1064 12 994 717 530 915 895 66 13 765 516 831
458 793 225 68 792 797 799 152 796 274 795 233 640 800 487 234 232 798 348 581
459 1067
460 1060 153 649 15 772 865 909 330 56 107 809 133 110 750 495 308 876 494 47 476 311 510 84
461 75 803 804 743 737 802 117 805 807 744 663 709 519 661 801 808 194
462 324 501 737 103 102 32 133 346 256 571 391 368 508 57 353 311 718 114 61 10 661 773 60 125 606 113 506 840 115
463 955 453 807 795 403 1042 45 926 24 324
464 1020 576 1103 1063 469 593 345 936 809 1115 594
465 530 20 263 789 155 201 846 28 15 141 254 223 30 1098 346 924 540 51 168 773 899 1056 131 747 502 704 54 784 734 368
466 954 732 1065 163 573 463 528 323 1074 1108 846 552 765
467 581 794 346 569 365 638 498 771 781 199 705 1143 249 77
468 752 733 1026
469 691 553 320 296 30 699 1134 1074 367 266 683 99 335 91 957 689 892 1076 1126 119 309 98
470 974 855 386 125 150 311
471 531 746 1117 151 986 538 1148 598 1131 1128 743 441 126 564 920 993 662 335 286 739 969 553 204
472 706 747 689 335 813 822 618 293 343
473 677
474 515 323 517 4 332 337 516 518 56 229
475 188 592 328 1092 654 704 193 740 418 423 631 450 1096 913 260 403 732 527 336 953 1105 1025
476 982 233 234 1049 1007 701 236 202 501 651 177 572 634
477 806 43 187 381 978 294 844 99 658 384 50 586 90 292 595
478 369 194 799 1035 1105 336 1000 22 68 67 1071 223 191 171 637 179 535 114 108 113 792 159 43 575 126
479 1126 434 120 989 406 512 890 476
480 73 53
481 246 171 745 364 1096 239 35 1127 95 667 1106 61 1040 466
482 699 335 419 822 918 802 506 642 288 84 519
483 247 756 392 1097 925 838
484 72 62 410 413 411 240 284 290 408 409
485 447 542 470 39 625 1111 985 368
486 489 330 145 285 364 103 40 1134 654 1095 137 692 1132 637 429 329 430 926 227 66 282 458 606 597 357 111 953 367 490 363
487 875 215 414 1104 848 361 564 882 248 650 399 168 858 852 380 435 590 122
488 847 833 1076 897 545 890 217 290 1151 256 652 338 176 108
489 58 800 279 644 274 643 794 233 650 75 334 228 796 681 173 980 242 236 1095 536 209 247 193 70 234 344 1034 201 246 341
490 109 797 800 208 242 718 348 374 1021 221 650 1049 237
491 16 282 275 71 722 788 822 69 791
492 732 738 1 830 472 926 27 1096 822
493 463 285 256 61 301 380 113 505 628 426 389 807 784 715 858 178 1030 980 97 569 211 391 120
494 758 216 534 83 438 105 808 419 58
495 699 1001 953 114 191 871 15 914 849 78 850 154 361 775 268 131 934
496 448 423 854 148 698 343 42 1086 1076 350 622 188 933 449 534 684 134 742 398 586 1030
497 586 1071 266 392 685 292 1117 843 598 107
498 522 992 819 144 37 131 835 747 149 544 118 440 713 444 925 212 122 712 1002 1001
499 346 580 599 602 506 103 658 285 503
500 872 935 1007 246 651 365 261 219 632 650 249 228 922 638 1000 252 121
501 195 303 445 316 659 581 1122 689 584 24 575 617 800 313 1068 1143 4 1038 667 46 779 30 365 725 284
502 1092 457 28 580 940 1095 518 331 459 219 834 7 47 168 284
503 473 248 881 370 974 840 569 26 464 74 652 953 84
504 778 365 201 231 1020 188 258 707 674 514 56 904 790 263 236 60 415 230 254 765 955 24 174 341 883 15 63 542 666 760 62 694 501 1045
505 43 146 248 207 1029 102 298
506 306 966 795 924 675 664 1035 539 486 198 980 268 80 196 481
507 298 574 669 957 849 309 703 774 975 618 583 923 248 558 307 386 748 752
508 468 809 387 873 1019 537 473 436 951 519 654 383 101 607 1141 270
509 799 651 274 252 1027 1082 88 632 1049 1147 1007 253 227 194 866 247 642 221 501 1085 676 718
510 655 552 510 376 616 358 989 106 470 479 770 401
511 816 825 949 706 1031 743 818 726 65
512 222 295 68 208 851 349 906 821 723 939 706 1105 650 761 679 844 202 1079 626 67
513 128 296 775 662 958 103 693
514 1067 10 867 616 491 966 326 471 178 1117 66
515 732 260 1
516 919 813 1050 418 146 30 126
517 105 724 1103 673 865 749 803 1133 824 290 320 1012 102 362 209 11 424 958 101
518 802 990 411 363 1149 492 1052 860 944 127 368 115 112
519 561 590 1115 445 179 546 587
520 1070 754 930 391 119 277 66 485 266 612 23 377 320 102 281 1000 507 809 492 427 368 476 511 1069 77 501 118 597 498
521 743 39 388 688 462 433 1000 658
522 396 747 17 466 372 147 337
523 515 470 901 956 455 645 389 767 344 983 202 982 793 984 981 260 768 341 560 261 877 173 514
524 124 219 1108 288 438 202 692 499 113 924 241 1082 656 831 368 911 92 175 281
525 1108 1117 663 933 297 951 534 706 1013 1116 943 1048 420 312 705 188 574 553
526 898 71 925 475 145 1039 74 453 61 20 420 240 1040
527 486 938 804 825 1135
528 915 495 325 792 200 275 652 194 267 579 1009 439 420
529 954 518 14 12 1004 878 970 56 0 172 7 6 17 527 881 136 18 458 19 304 157 692 10 337
530 864 335 699 438 27 22 883 20 453 37 770 999 180 360 114
531 797 800 688 187 640 845 38 43 524 1103 1094
532 975 831 516 897 331 172 284 54 43
533 850 491 270 654 129 726 1111 144 477 49 810 522 338
534 367 807 684 993 1154 1140 438 951
535 888 1015 741 73 459 522 614 1016 549 934 366 356 618 941 102 903 147
536 486 883 868 850 437 553 324
537 987 868 297 349 761 626 269 871 939 604 764 677 772
538 12 484 675 678 797 72 759 16 1106 283 646
539 1052 735 135 208 634 13 46 521 172 52 65 336 342 4 9 879 633 62 24 232 586 28 174 942 793 501 127 306 971 470
540 321 47 152 334 680 151 725 409 533 864 150 746 320 961 981 417 422 904 812 282 1085
541 489 657 836 567 418 82 715 99 436
542 149 573 157 927 1020 184 889 385 49 365 558 430 667 698 295 58 192 777 537 334 508 23 177 372 233 131 258 57 575 279 440 52 671 223
543 576 1019 1062 1063 927 469 593 911 823 873 936 971 1066
544 603 274 413 646 1140 349 500 30 283 85 377
545 1105 445 1138 540 652 943 308 1066 569 770 471 827 941 448 615 748 575
546 491 51 1060 28 135 881 46 22 55 539 357 16 514 711 797 650 244 614 640 3 365 718 352 7 80 541 793
547 702 438 574 455 258
548 528 1028 957 1075 223 1061 228 168 86 277
549 407 524 139 1016 1023 652 130
550 795 231 220 632 1027 302 504 1128 343 310 142 1142 804 176 714 698 689 806
551 598 550 483 587 626 1019 1058 576 624 584 761 560 543 916 470 176 930 375 1069 493
552 64 1139 125 815 505 595 1039 427 1083 476 340
553 753 998 319 677 13 141 777 641 229 1087 187 882 46 630
554 801 426 958 392 652 315 92 119 654 803 548 685 1122 84
555 402 1109 99 91 110 97 701 421 231 439 504 492 840 1069 7 817 104 75 154 498 772 909 717 877 179 115 899 66 264 308 521 233 43 1098 15 11 427 508
556 834 515 694 1006 817 131 1005 982 325 240 306 1003 198 808 35
557 371 702 119 140 309 416 496 605 599 98 574 705 188 189 697 421 402 564
558 537 810 748 651 246 650 718 198 539 80 1147 1049 227 185 816 1021 282 209 924 201 996 247 486 583 1034 835 476 308
559 279 370 348 208 501 642 648 982 796 651 718 219 486 227 233 634 676
560 201 662 32 388 50 968 1139 605 526 882 355 276 705
561 84 10 915 998 119 632 575 315 276 357 465 22 325 728 433 825 807 203
562 380 483 936 1062 582 1070 916
563 31 12 1060 516 63 937 61 765 174
564 256 500 1106 353 424
565 1017 775 873 499 367 1002 561 106 298
566 346 870 579 715 176
567 469 473 478 471 481 470 121 474 476
568 61 749 66 520 941 320 799 178 277 330 646 237 299 494 718 394 32 654 85 658 11 99 89 106 535 392 439 280
569 20 466 390
570 977 845 749 1116 1154 150 189 1142 663 824 197 84
571 47 514 8 687 830 906 178 875 251 22 887 911 412 910 905 908 903 909 907 304 430 409
572 173 208 707 995 812 181 202 36 924 1018 549 111 913 906 67 1045 849
573 709 178 693 932 824 608 721 283
574 705 396 410 481 244 352 210 32 867 775 397 9 539 676 249 876
575 324 394 567 301 742 707 271 227 817 75 434 475 632
576 891 894 887 14 540 915 169 850 409 412 913 467 150 579 464
577 324 327 516 183 975 219 13 592 481 201 812 541 775 955 188 200 162 46 61 230 62 221 172 365 238
578 374 1035 219 1095 778 1021 536 254 718 1059 260 204 681 691 767 195 707 196 1065 67 181 193 758 757 75 36 906 378 252
579 1098 488 777 618 658 272 159 127 43
580 935 864 745 725 1135 678 671 1023 863 1065 855 861 504 320 531 197 1143 553 85 548 308 734
581 1146 837 189 294 840 433 884 1136
582 762 938 751 543 679 764 851 939 194 763 351 848 677 379 885
583 792 67 492 502 616 548 971 81 99
584 710 16 1125 358 407 824 972 193 348 494 699 882 355 684 152
585 175 943 452 110 848 677 1062 781 589 591 764 276 342 532 140 628 400
586 626 761 624 349 353 762 444 408 616 418 342 818 264 269
587 208 339 347 335 345 133 281 346 167 115 143 60 350 349 344 333 343
588 1077 429 394 205 851 929 183 221 1121 219 648 430
589 743 367 766 753 835 888 629
590 437 617 452 774 186 576 637 493
591 47 538 1000 764 1067 440 225 60
592 746 863 1117 548 861 1036 1144 320 417 710 1143 286 743 388 726
593 549 535 841 378 710 240 936 729
594 167 428 196 1003 277 271 39 72 1135 482 773 824 808 65 346 306 426 791 67 88 600 744 866 64 804
595 502 743 462 625 695 608 589 618 438 125 748 1014 400 416
596 465 946 714 461 513 945 462 864 944 190 943 560
597 777 1064 141 915 251 225 581 152 798 794 722 639 232 68 800 487 578 796 341 501 391 793 640 80 535
598 923 100 494 817 792 642 162 646 505 918 922 889 161 881 268 423 208 33 723 305 133
599 1121 38 863 482 1082 1036 66 647
600 1140 689 972 329 131 385 218 116 296 52 182 771 1142 49 290 783 258 662 843 1136 780 362 822
601 866 348 545 687 757 194
602 538 586 43
603 316 695 420 701 1048 968 534 1130 416
604 875 179 780 537 308 748 1003 508 345 159 165
605 1115 138 719 552 559 353 334 200 301 733 876 637 131 318 775 165 428 325 382 847 412 338
606 779 725 1068 776 831 1031 435 260 741 704 752 707 1014 726 441 221 617 619 381
607 1120 598 1003 601 785 839 1079 244 1123 630 928 284 493 682
608 96 70 37 98 817 895 891 25 222 197
609 565 1105 43 222 551 60
610 32 105 742 958 124 750 99 248 806 737 82 713 438 294 98 519 813 91 270 102
611 953 541 578 736 0 63 722 653 926 954
612 129 110 1099 325 574 178 279 760 48 54 1016 274 505
613 269 278 271 283 265 105 275 277 114 282 209 268 274 272 281 125 266 264 270 273 267
614 592 534 574
615 852 506 481 443 43 450 520 380 293 402 95
616 609 349 552 269 518 818 212 272 1035 498 391 201 376 988 177 617 0 757 812 350 1081 1078 46 399
617 443 1060 954 955 513 1147 303
618 754 591 621
619 44 926 720 55 174 429 182 901 799 225 538 525 1100
620 388 1030 819 978 774 726 447 603 329 115 355 809
621 24 43 3 238 655 300 538 242 346 578 134 571 141 194 1003 856
622 266 890 361 802 43 744 769
623 644 962 995 105 375 1018 904 257 715 935
624 334 938 913 680 1123 470
625 950 1032 625 708 568 815 404 854 732 706 1093 218 883 1062 1104 223 154 558 758
626 653 278 861 1060 66 1081 2
627 959 1154 621 1131 661 729 785 1123 856
628 394 105 130 717 941
629 527 848 853 855 852 63 631 457 536 459 386 846 245 53 851 446 115 171 33 401 99
630 28 47 145 33 25 19 9 734 565 470 695 20 96 473 39 711 312 10 442 944 225 133 975 231 756 439 917 368 143 137 383 172 127
631 222 223 15 229 230 239 220 227 233 244 242 221 240 224 245 226 133 232 219 234 225 241 237 228 238 152
632 793 471 749 60 506 343 115
633 68 909 686 600 1057 168 522 105 308 252 385 780 671 960 231 179 748 475 565 115
634 150 726 353 447 435 1080 1009 69 619 132 329 285 267 355 325 586 571 96
635 172 84 326 32 822 222 665 225 672 203 530 331 897 79 148 425 1060 13 453 877 20 75 572 64
636 792 244 487 800 798 1042 220 643 445 795 413 529 646 234 644 575 357 275 640 58 799
637 253
638 845 1034 623 857 382 815 990 333 73 1062 436 159
639 557 250 185 782 450 140 715 1123 531 705 292
640 593 594 345 469 43 701 182 927 293 909 1143
641 1018 745 818 619 652 626 342 455 525 202 358
642 80 337 976 360 807 504 442 10 68 64 211 510 694 122 1105 829 637 47 104 414 357 1083 488 503 114 719 537 127 256
643 473 874 510 718 133 156 560 490 238 341 274 318 1040 975 854 372 3 840 61 448 11 162 30 1114 778 974 346 365 255 105 115 676 211
644 279 538 173 23 534 533 140 536 532 221 188 372 537 156 138 153 245 528 417 331 530 20 10 43
645 407 441 442 1028 641 541 658 373 379 137 1040 221 268 930 96 621
646 954 141 589 1021 81 743 140 265 183 446 281 629 726 860 978 95 1126 1070 748 338 366
647 324 466 27 634 282 424
648 650 152 523 967 802 663 1036 339 438 76 92 252
649 796 64 147 1094 635 89 608 569 828 873 1003
650 316 259 485 480 144 481 1061 902 904 75 939 1004 586 149 935 140 775 698 528 68 1122 848 752 451 236 247 302 167 726 536 832 113 575 137
651 728 324 959 695 259 150 535 111 489 193 788 379 821 710 473
652 320 422 262 971 548 673 1141 671
653 1124 827 71 926 284 647 324 337
654 996 720 736 1091 37 477 19 366
655 753 15 793 145 308 43 1034 630 571 973
656 653 1010 164 95
657 240 201 195 301 995 816 76 906 983 111 203 92 996
658 461 488 156 899 40 745 31 537 533 516 667 633 173 0 201 12 589 1004 570 24 592 777 937 748 43 778 935 188 307 493 772 57
659 372 58 360 747 499 173 860 658 92 118 201 43 718 773 246 391 106 504 501 60 103 89 295 903 133 338 575
660 534 471 170 889 839 1048 316 420 188 1154 133 625
661 592 538 589 774 1030 140 698 149 144 606 570 125
662 850 200 916 262 572 180 451 295 624 917 430 889 33 588 655 497
663 328 68 768 679 761 543 67 763 342 58 767 81 624 440 250 764 677 762 765
664 541 692 453 954 550 652 609 143 127 655 1023 901 51 352 668 412 150 736 924 467 505 720
665 161 392 726 704 654 126 113 98 84 658 774 273
666 549 910 1079 1016 512
667 579 358 741 957 68 1122 934 489 370 396 19 337 170 942 75 744 734 301
668 874 408 1024 567 207 843 388 1099 329 1136 124
669 437 159 340 875 481 546 575 1039 493 439 1053
670 1004 889 1015 452 534 334 546 598 195 299 42 531
671 353 221 504 742 108 1138 1080 511 138 637 1113 115 723 708 788 195 900 1030 428 120 1121 112 494 1122 1043 753 107 40 411 179 445 1003 39 61
672 348 13 811 649 138 3 32 871 705 125 80 508 131 868 168 1143 276
673 828 251 161 231 320 378 1085 506 1103 586 714 1148 123 630 209 152 799 743 706 697 597
674 436 176 753 858 497 856 165 857 90 342
675 220 1076 463 447 1109 32
676 1051 833 162 327 815 62 674
677 840 596 542 578 935 203 75 372 509 793
678 151 697 218 462 310 93 1048 416 769 695 1020 316 204 958 635 652 78
679 320 235 329 330 97 126 332 58 318 51 5 70 9 322 326 317 302 331
680 604 851 890 1103 588 223 1149 848 996 597
681 38 1037 809 147 552 716 119 754 608 99 433 567 159 316 92 856 1013 1139 990 506 658
682 632 760 1121 201 680 257 191 196 75 36 206 171
683 757 1015 316 43 979
684 293 295 311 780 555 781 777 775 49 46 589 279 481 776 659 778 671 592 188 574 205 173 784 308 559 350
685 672 250 952 779 962 961 977 78 289 975 1010 548 286 969 960 696 1148 216 189 671 392 296 311 790
686 158 608 1131 102 82 400 43
687 537 649 777 307 192 1034 57 317 899 748 1098 780 177 550 1019 3 516 877 308 311
688 734 479 963 1124 832 699 6 330 759 1069 87 1009 879 498 435 638 22 991 52 1127 118
689 67 68 65 788 805 432 455 1128 686 921 570 1030 699 42 267 37 215
690 724 133 353 630 75
691 1151 59 12 52 912 868 805 433 555 1000 843 625
692 490 1037 994 332 896 208 1036 204 127
693 953 675 244 488 66 968 969 403 896 737 138 664 970 676 155 264 692 942 803 549 484
694 882 547 736 263 1129 653
695 462 369 187 759 1024 234 608 710 802
696 476 417 737 1101 331 983 75
697 37 1088 1086 1087 552 212 358 127
698 540 1093 454 270 813 919 1105 733
699 654 223 402 1004 145 659 281 1020 549 863 1019 570 491 4 545 88 109
700 195 169 160 445 182 592 589 131 588 586 125 395 177 591 595 593
701 425 71 113 932 712 375 613 930 933 399 934 694 857 929 284
702 945 500 760 486 237 1074 1124
703 57 308 277 97 189 392 548 77 439 127 635 587 672 422 818 663
704 866 1012 724 1044 553 671 78 663 311 308
705 886 940 319 158 621 525 117 943 288 597
706 185 190 191 198 194 205 184 75 177 180 188 195 206 181 186 193 192 178 201 197 182 199 179 159
707 959 998 1139 469 624 167 140 131 1062 33 188 775 810 389
708 1091 255 1042 579 437 82 940 362 528 749 926 535 337 147
709 289 218 211 296 99 52 292 82 293 298 295
710 880 150 1073 686 499 695 579 358 281
711 200 318 793 533 92 818 385 842 444 558 434 843 844 485 837 838 839 841 43
712 492 541 439 100 381 788 406 125 22 358 127 120 1080 481
713 857 829 1105 710 48 434 820 139 463
714 803 567 394
715 893 330 75 956 704 472 524 149 160 1087 583 7 408 752 494 391
716 829 159 350 470 1089 129 49 267 599 586 304 606 975 81 909 57 392 546 127 194 558 118 96 748 308 439
717 406 1083 714 818 269 649 85 48 412 403 274 238 504 299 227 608 922 145 25 490 20 803 891 953 194 970 539 799 19 654
718 457 609 501 10 458 547 209 799 732 514 793 1044 790 1041 1103 156 404 908 834 426 325 915 232 152 154 439
719 243 75 999 718 689 170 588 706 807 253 611 1130 82 420 1112 1116 1111 64 683 301 288 1091
720 803 647 673 74
721 192 504 49 59 508 780 199 794 937 57 184 748 1143 781 555 43 2 249 116 29
722 744 335 920 661 1151 806 1105 943 1050 1086 42 454 1109 892 82 721 1071 1097 702 1132 270
723 653 873 872 244 967 970 857 840 597 446 828
724 885 907 931 694 429 412 1146 495 22 1132 1061
725 976 306 1082 611 189 548 1116 843 400 917 951 188 991 277
726 883 694 40 135 327 912 527 901 81 1147 609 1049 1 69 680 67 111 226 895 989 995 47
727 891 369 413 650 1084 765 1030
728 621 325 60 819 195 334 815 349 635 269 39 816 626 614 814 813 726 451 818 388 126 229 624 812 680 81 154
729 186 891 78 441 391 847 842 1054 753
730 219 1095 1021 718 228 733 1144 246 778 663
731 133 887 654 73 579 127
732 852 588 849 56 802 353 928 1017 576 1019 771 125 772 1066 485 57 469 558
733 1085 519 666 1071 884 39 392 520 455 1079 1126 579 380 661 90 597 801 106 716 753 118
734 429 691 981 732 1065 905 159 888 144 180 1027
735 816 592 193 712 501 650 223 965 854 674 861 1037 770
736 75 80 208 195 228 1049
737 355 286 594 411 862 712 697 1082 991 835 485 512
738 472 111 969 710 353 434 637 1044 368 468 897 75 460 831 102 473 133 575 499 267 1026 619 565
739 223 244 644 634 862 249 142 861 81 864
740 532 173 201 485 773 533 188 376 1127 725 592 779 659 295 205 460 549 415 586 36 498 983 566 538
741 1008 1009 33 889 1010 82 493
742 157 348 553 371 977 84 87 215 204 944 68 211 308 425 277 699 504 320 845 850 814 935 993 976 32 239
743 641 1095 687
744 218 602 595 33 655 978 984 583 1024 764 472 852 1031 752 436 280 772 597 625 766 131 172 427
745 1069 482 971 1109 654 666 1081
746 359 1038 188 455 389 1104 589 782 526 489
747 374 351 377
748 925 524 623 734 436 113 131 60
749 241 798 810 232 699 852 760 598 980 201 938 1028 1078 386 378 723 643 371 186 206 631 681 376 472 329 92 188 741
750 230 232 798 887
751 604 941 1108 933 826 498 210 803 816 1005 958 910 353 751 302 678 860 685 101 52 383 119 1050 680
752 156 162 175 174 172 169 164 15 155 157 161 163 171 176 159 111
753 1084 332 453 901 501 893 528 676 768 1018 517 765 284 535 365 493 506
754 925 718 524 85 572 938 240 819 120 593 106
755 1072 1101 569 166 326 1117 311 592 310 573 635 485 751
756 808 598 109 256 558 1146 597
757 1129 326 955 941
758 975 1039 317 521 248 470 717 505 468 255 803 707 988 1136 652 368 159 89
759 61 463 85 862 752 72 442 629 1045 948 222 838
760 464 740 584 211 1056 108 119 684 275 1130 272 732 176 974 446 682
761 312 1153 294 55 350 671 293 340
762 696 451 125 246 92 481
763 43 182 523 780 199 564 1034 350 233 49 508 877 671 11 565 718 1022 873 383 47 521 311 878 1085
764 910
765 196 1049 648 185 913 1033 844 255 173 1147 974 200 731 1027 212 252 1137
766 457 1154 467 922 1023 635 404 970
767 133 1054 1113 439 1000 753 1053 337 892 1083 123
768 75 201 869 599 1121 195 758 203 996 111 202
769 495 455 683 154 335 194 1118
770 718 778 1147 191 758 980 334 486 681 196 676 470 198 202 249 1045
771 838 680 1035 81 30 878 47 587 192 1098 1077 308 1026 647 293 649 1064 320 176 23 685
772 1099 728 43 388 131 726 774 743 149 499 382
773 37 517 812 631 1035 58 760 603 618
774 812 360 106 629 345 936 916
775 217 209 207 216 113 210 215
776 131 216 71 24 332 201 74 837 221 219 1071 852 808 13 51 1068 237 760 65 1032 125 365 29 60 778
777 155 605 562 735 882 741 161 83 412 668 118
778 623 873 329 281 841 842 480 113 342 810 440 167 1090 351 1104 265 949 625
779 91 367 662 508 471 684 410 685 140 142 686 38 118
780 221 368 906 869 968 868 211 843 1093 1029 107 706 1056 947 133
781 744 87 1074 869 709 1072 346 608 1073 776 400 564 662 1075 199 699 839 218 48 276 715
782 158 402 258 567 563 217 560 559 49 564 346 566 561 557 492 360 558 368 102
783 459 1102 926 403 396 922 9 390 407 35 876 596 10 19 891 266 1042 87
784 501 735 898 74 518 31 53 738 1084 895 736 720 597
785 767 339 422 965
786 559 1120 37 934 541 526 986 867 903 168 710 145
787 896 135 533 1095 219 711 28 880 196 634 633 36 1018 538
788 997 837 571 384 1052 524 734 708 845 476 470 430
789 379 755 822 294 975 477 61 98 359 612 381 377
790 834 331 893 251 878 951 213 634 61
